genotype	Dim1	Dim2	BraceRoot	StalkArea	diff	peri	ratio	Lignin	avgRPkgf	avgEH	SAMID	mean_volume	measure_sd	PHT	DTA	SqrtEHT	Height	Radius	HtRa	diameter	area.y	volume	Log2vol	para_coeff	surface_area	arc_length	fix	Group
207	0.725	0.625	2	0.355903178	0.1	2.123488085	1.160010241	0.249	4.66	59.5	SAM20	1972329.5	587175.14	140.4	60.7	8.520563362	28.1645	10.5771	0.08463	21.1543	5356.95	718318	20.91146916	-0.00022	18090	64.8161	1	Non-Stiff Stalk
764	0.9025	0.76	3.5	0.541865828	0.1425	2.616497773	1.189192958	0.2975	5.445	52	SAM36	1773215.7	379332.49	134.5	63.2	7.092249291	22.0509	7.2352	0.05466	14.4705	4056.52	498820	20.75793661	-0.00024	13286	49.6129	1	Unclassified
778	0.795	0.745	3.5	0.468175845	0.05	2.419993316	1.064104882	0.21	5.05	58	SAM22	1952568.1	526718.77	139.5	62	8.08084154	27.2658	10.4537	0.05578	20.9074	5380.84	707085	20.89694144	-0.00034	18129	64.126	1	Unclassified
779	0.73	0.6525	2	0.388595376	0.0775	2.17361679	1.118226899	0.2445	5.195	54	SAM31	1832835.4	566203	118.1	54.5	5.907622195	33.7794	5.2801	0.1688	10.5603	5021.18	546424	20.8056458	0.000147	15584	69.3585	1	Unclassified
792	1.0025	0.9125	1.75	0.722743025	0.09	3.010333064	1.095296396	0.222	5.885	74.5	SAM23	1951950.1	NA	139.6	65	7.861297603	22.4926	5.4103	0.05655	10.8205	4210.66	494337	20.89648474	-5e-05	13619	52.5172	1	Unclassified
793	1.0575	0.91	4.25	0.758616086	0.1475	3.09503247	1.160760361	0.2785	5.645	71.5	SAM184	1080314	293746.26	151.8	64.2	7.791020472	-5.96	3.3576	-0.07963	6.7151	-200.04	18399	20.04301927	-0.00035	444.16	-5.7599	1	Unclassified
807	0.756666667	0.7	3	0.432335509	0.056666667	2.289177389	1.082604519	0.231	5.565	51.5	SAM33	1787744.3	200682.14	150.2	59	7.238784428	20.7593	7.627	0.03818	15.254	4062.37	508160	20.76970897	-0.00023	13665	49.7387	1	Unclassified
4226	0.86	0.8025	2.75	0.542827941	0.0575	2.612569851	1.072740305	0.246	5.7	86.5	SAM70	1442967.7	305515.07	164.9	67	9	5.4278	7.2911	-0.06653	14.5823	1876.98	273222	20.46060758	-0.00063	7078.89	19.0933	1	Unclassified
4722	1.0225	0.89	2	0.762778696	0.1325	3.007786689	1.149891596	0.19	7.58	80.5	SAM332	656802.9	NA	141.2	73.7	9.060905032	-17.7571	-1.6444	-0.09635	-3.2888	-2410.42	-242678	19.32510097	-0.00025	-7353.81	-36.7234	1	Unclassified
5707	0.9175	0.77	2.5	0.555355041	0.1475	2.6560651	1.192763158	0.205	6.54	92	SAM331	660435.3	236193.18	149	67.2	8.613942187	-31.1919	-2.9191	-0.2636	-5.8382	-3748.56	-384743	19.33305771	-0.00087	-11312	-58.8373	1	Non-Stiff Stalk
11430	0.846666667	0.796666667	3.333333333	0.529672521	0.05	2.582052228	1.06320038	0.2865	6.175	59.5	SAM141	1171472.2	394663.06	146.6	63	7.823042886	8.4796	-0.4859	0.06696	-0.9717	761.99	33429	20.15989129	0.00015	1800.88	14.0963	1	Unclassified
78004	0.975	0.89	3.25	0.6840818	0.085	2.931297592	1.098161886	0.3135	6.45	72.5	SAM206	984262.3	223600.01	141.1	66.7	7.797435476	-8.5338	0.3904	-0.08468	0.7807	-1001.77	-112464	19.90868331	-0.00036	-2885.51	-15.2281	1	Stiff Stalk
78010	0.845	0.7225	2.75	0.497785356	0.1225	2.466213526	1.178037517	0.2415	5.21	60	SAM140	1171838	417160.16	137	69	8.264381405	19.5822	-2.7572	0.2446	-5.5145	1221.44	33721	20.16034171	0.001087	2749.57	32.4845	1	Unclassified
29MIBZ2	0.9475	0.8225	3	0.613945744	0.125	2.784542793	1.152679598	0.2405	5.86	57	SAM169	1100574.6	383335.79	NA	NA	NA	19.337	-4.0457	0.2796	-8.0915	936.9	-14667	20.06982551	0.001341	1709.8	30.5213	1	Unclassified
2FACC	0.99	0.85	4	0.664054147	0.14	2.895536253	1.175438596	0.201	6.76	59	SAM83	1369651.7	582164.57	157.4	65.7	7.861297603	14.9363	1.8222	0.08104	3.6444	2084.47	211577	20.38537763	5.1e-05	6250.89	29.2026	1	Stiff Stalk
2MA22	0.835	0.67	2	0.439194653	0.165	2.371469431	1.247103387	0.2015	7.855	36	SAM183	1081013.4	389430.07	137.5	63	6.511528238	13.825	-3.7828	0.1579	-7.5657	560.45	-49216	20.04395298	0.000602	360.33	19.7602	1	Non-Stiff Stalk
33-16	0.9175	0.86	2.75	0.639863884	0.0575	2.79291392	1.062714429	0.223	7.56	79	SAM175	1096597.7	208039.78	165.9	72.7	9.439279634	6.2799	0.4485	0.06155	0.897	509.83	23637	20.06460292	0.000213	1489.1	12.003	1	Unclassified
38-11	0.9	0.835	2.75	0.612374948	0.065	2.72673167	1.072973302	0.2415	6.34	90.5	SAM154	1135569.7	144312.71	170.2	72.2	10.49285471	6.6066	0.4374	0.06027	0.8748	525.92	14757	20.11498483	0.000153	1479.87	12.357	1	Unclassified
4676A	1.015	0.91	2.25	0.727789208	0.105	3.026728797	1.113919068	0.2695	5.945	63	SAM72	1421062.8	225623.65	151.3	64.2	8.179242019	14.7792	4.7092	0.05775	9.4184	2317.9	254804	20.43853888	-0.00011	7714.43	33.1017	1	Stiff Stalk
6F629	0.77	0.665	2.75	0.41052762	0.105	2.2572979	1.164949946	0.2585	5.465	56.5	SAM159	1123434.7	41166.91	NA	NA	NA	-4.1734	2.175	-0.07156	4.3499	-211.56	-19996	20.09948484	-4e-04	-242.02	-5.104	1	Unclassified
78371A	1.1475	1.1	2.5	1.005486364	0.0475	3.53081421	1.042133838	0.195	7.58	60	SAM309	720855.7	51066.85	160.8	67.5	7.791020472	-11.0739	-6.0788	-0.00529	-12.1577	-2480.13	-333831	19.45935097	0.000191	-8952.91	-30.7858	1	Non-Stiff Stalk
78551S	0.8875	0.7575	3	0.533756592	0.13	2.588028968	1.170949291	0.248	6.305	54.5	SAM225	924540.3	425387.66	145.2	62.7	7.085195834	-11.5985	-1.6986	-0.1022	-3.3972	-1446.07	-162679	19.81837668	-0.00038	-4673.15	-23.4895	1	Non-Stiff Stalk
A188	1.0125	0.8725	2	0.695686058	0.14	2.966091481	1.16660209	0.355	7.125	40.5	SAM93	1328312.2	368460.42	118.1	60	6.25299928	9.4355	3.3479	0.02262	6.6958	1590.07	176818	20.34116284	-0.00018	5128.32	20.598	1	Unclassified
A214N	0.786666667	0.696666667	2.333333333	0.442833664	0.09	2.332188703	1.126960294	0.225	9.215	66.5	SAM290	755878.8	NA	173.3	80.7	9.853933225	-12.7414	-3.6039	-0.03841	-7.2077	-2387.68	-293186	19.5277954	-2e-05	-8108.11	-31.4733	1	Unclassified
A239	0.8825	0.7225	4.5	0.502968984	0.16	2.528415947	1.220821524	0.189	5.645	66	SAM121	1223096.9	288373.38	141	65.7	7.190271205	3.9346	2.7141	-0.00811	5.4283	791.46	88352	20.22210728	-0.00021	2776.11	10.1651	1	Unclassified
A441-5	1.175	1.06	2	0.981944054	0.115	3.51427953	1.112781869	0.3045	6.955	59	SAM307	725257.4	NA	130.2	73.2	7.463243263	-8.7782	-1.9343	-0.03423	-3.8687	-1488.26	-171503	19.46813359	-6e-05	-4949.31	-20.7446	1	Unclassified
A554	1.045	0.9375	1.25	0.770632678	0.1075	3.116625228	1.116022628	0.249	5.855	46	SAM9	2502481.8	725522.76	130.1	58.7	6.549809158	55.328	12.0795	0.2438	24.1589	9330.99	1164078	21.25492815	4.2e-05	29891	117.23	1	Unclassified
A556	0.9725	0.7975	3.25	0.612041154	0.175	2.790644995	1.244705128	0.1995	8.07	34.5	SAM286	762506.4	86706.49	102.5	62.2	5.291502622	-5.788	-6.3381	0.05301	-12.6762	-1954.32	-291026	19.54038992	0.000495	-7363.75	-20.2384	1	Unclassified
A6	1.07	0.945	4.5	0.807762376	0.125	3.168217203	1.13287037	0.2305	9.005	113.5	SAM112	1262724.6	331287.4	179.7	80	10.82127534	9.7953	1.0251	0.05376	2.0501	1183.9	91220	20.26810859	2.2e-05	3398.62	18.8203	1	Unclassified
A619	0.735	0.605	1.75	0.353311364	0.13	2.111002644	1.209903099	0.2275	5.42	30	SAM192	1051960.9	157564.7	134.4	64.7	6.008327554	0.5295	-0.3137	0.001121	-0.6273	-155.61	-55542	20.00464965	-8e-05	-792.23	-0.2268	1	Non-Stiff Stalk
A632	0.875	0.735	2.75	0.506405101	0.14	2.534034665	1.193000413	0.2365	6.09	76	SAM259	829337.7	122075.21	157.1	66.2	8.538149682	-7.2703	-4.5239	0.001482	-9.0478	-1759.81	-254818	19.66160015	0.00016	-6393.38	-20.2801	1	Stiff Stalk
A634	0.96	0.866666667	4.333333333	0.657011744	0.093333333	2.871800215	1.11478979	0.262	5.935	64.5	SAM336	642084.9	124555.47	141.9	66.2	7.733045972	-13.6384	-4.9514	-0.04001	-9.9028	-2470.26	-299470	19.29240455	5.5e-05	-8412.08	-32.6847	1	Stiff Stalk
A635	0.8475	0.7725	1.25	0.518951836	0.075	2.546279874	1.100590925	0.2745	5.495	49.5	SAM291	752168.4	161507.43	137.9	64	7.348469228	-13.0654	-5.3601	-0.04572	-10.7202	-2376.02	-307612	19.52069617	5.7e-05	-8285.71	-31.6105	1	Stiff Stalk
A641	NA	NA	NA	NA	NA	NA	NA	NA	NA	NA	SAM128	1208588.4	766572.3	128.1	60.3	6.767569726	-10.6555	4.7797	-0.1657	9.5594	-230.4	76153	20.20489157	-0.00078	751.09	-12.5174	1	Stiff Stalk
A654	0.82	0.7275	1.75	0.472201011	0.0925	2.433108895	1.125402514	0.239	6.36	30	SAM318	707977.5	NA	117.6	58.5	6.300793601	-4.3588	-3.4498	0.01433	-6.8997	-1323.48	-181336	19.43334399	0.000144	-4969.56	-15.0909	1	Unclassified
A659	0.95	0.8625	2	0.650937998	0.0875	2.849561104	1.104470416	0.208	7.34	49.5	SAM90	1349504.7	326222.38	144.3	64.2	6.920982589	20.7776	1.3058	0.1743	2.6117	2273.01	194637	20.36399857	0.000505	6698.47	39.3483	1	Unclassified
A661	0.7675	0.71	1	0.436995538	0.0575	2.322342284	1.088304755	0.2915	5.6	60.5	SAM236	908308.6	327231.43	155.2	57	8.432081594	0.5295	-4.9142	0.104	-9.8283	-984.06	-176327	19.79282301	0.000755	-4132.35	-6.3313	1	Unclassified
A679	1.0525	0.9625	3	0.795883229	0.09	3.167357545	1.095373764	0.2255	5.875	71	SAM52	1602993.7	294958	146.9	62.5	8.473488066	13.2216	6.8901	-0.00147	13.7803	2825.65	362907	20.61233732	-0.00038	9728.47	33.2219	1	Unclassified
A680	1.015	0.845	4	0.70556244	0.17	2.929976856	1.207071216	0.256	6.115	83	SAM29	1849144.7	682817.22	182.8	71	9.444575162	19.648	9.1457	0.02139	18.2914	4190.44	574515	20.81842669	-0.00035	14395	48.1168	1	Stiff Stalk
A682	1.0775	0.9775	2.25	0.851293069	0.1	3.230715664	1.115014414	0.265	6.765	55.5	SAM327	674863.5	294132.82	146.6	64.3	7.529940239	-27.0706	-3.1468	-0.2002	-6.2935	-3441.6	-361004	19.3642362	-0.00059	-10528	-52.5149	1	Non-Stiff Stalk
AB28A	1.1375	1.0675	1.25	0.954514023	0.07	3.465100321	1.069068109	0.214	7.16	72.5	SAM77	1404880.1	457193.11	152.5	78	9.176055798	18.7345	2.2681	0.1247	4.5363	2429.69	241198	20.42201558	0.00024	7296.99	36.216	1	Unclassified
B10	1.235	1.0975	2.25	1.067591724	0.1375	3.668183288	1.129501254	0.2255	7.11	65	SAM333	650977.3	278291.34	162.7	78	8.905054744	-20.6163	-5.9676	-0.086	-11.9351	-3320.77	-384517	19.31224771	-5e-05	-11208	-48.1617	1	Unclassified
B103	1.005	0.8275	2.75	0.678741093	0.1775	2.885997552	1.202921462	0.248	7.21	46	SAM299	738338.1	229048.05	113.5	62.7	6.848357467	-14.1536	-4.8272	-0.031	-9.6544	-2561.25	-312407	19.49392208	0.000228	-8514.75	-32.6032	1	Non-Stiff Stalk
B104	1.28	1.14	2.5	1.162683806	0.14	3.804651194	1.12472303	0.2135	10.19	41	SAM379	479194.9	32213.2	134.2	70.2	7.402702209	-17.9981	-10.7935	0.01302	-21.587	-3899.8	-485745	18.87025303	0.000552	-14031	-50.5668	1	Stiff Stalk
B105	1.1725	1.01	3.5	0.931580397	0.1625	3.434374061	1.166597233	0.2415	7.47	47.5	SAM134	1192425.4	113194.16	144.8	66	7.238784428	-8.193	5.8523	-0.1357	11.7046	-102.22	52242	20.18546758	-0.00066	1389.41	-5.9889	1	Stiff Stalk
B109	0.9675	0.855	4.25	0.653843971	0.1125	2.865589663	1.132061398	0.2905	7.065	76.5	SAM24	1910229.7	65924.49	172.7	69	8.831760866	33.1531	7.7786	0.1479	15.5572	5328.8	625372	20.8653147	6.9e-05	17251	71.6367	1	Stiff Stalk
B14A	1.0075	0.87	2.75	0.695548614	0.1375	2.953410181	1.161266575	0.2565	8.185	66	SAM357	556750.3	153702.07	157	68.7	7.874007874	-25.9504	-7.6319	-0.1301	-15.2638	-3977.19	-455311	19.0866709	-0.00014	-13341	-58.3658	1	Stiff Stalk
B164	1.3425	1.15	2.75	1.216895914	0.1925	3.921899644	1.172380603	0.26	5.505	75	SAM38	1731513.4	263736.43	145.6	67	8.502940668	19.3894	9.7322	0.0364	19.4645	3862.85	515836	20.72360212	-0.00032	13635	48.5056	1	Stiff Stalk
B2	1.21	1.04	3.75	0.991506276	0.17	3.539643214	1.161738013	0.206	10.38	50	SAM92	1339806.7	410605.4	144	67.7	7.615773106	13.7486	1.83	0.1045	3.6601	1616.77	152766	20.35359344	0.000287	5092.16	27.8956	1	Unclassified
B37	1.1225	1.0125	4	0.89374384	0.11	3.355964644	1.109311863	0.248	8.6	85.5	SAM113	1257152.5	364003.79	161.4	68.5	8.67755726	-3.9236	5.9532	-0.1261	11.9065	523.66	116986	20.26172824	-0.00076	2968.56	1.1081	1	Stiff Stalk
B46	1.0175	0.9125	2.5	0.736605302	0.105	3.034235848	1.118091068	0.296	7.34	54.5	SAM269	795607.9	66342.22	148.5	67.7	6.782329983	-1.0301	-4.56	0.055	-9.1201	-1126.83	-190952	19.60169808	0.00033	-4660.74	-9.7409	1	Unclassified
B52	0.9225	0.8325	2.75	0.60730913	0.09	2.758636093	1.108481313	0.252	8.905	68.5	SAM80	1379777.4	NA	159.2	74.2	8.414273587	3.4556	3.8426	-0.02611	7.6851	1240.9	168737	20.3960041	-2e-04	4655.37	12.8424	1	Unclassified
B57	1.1025	1.0325	2.75	0.895236097	0.07	3.354775225	1.0685235	0.2015	7.05	54.5	SAM381	461595.5	99841.94	135.7	68.5	7.924645102	-25.7697	-12.7068	-0.04257	-25.4137	-4620.37	-551931	18.81626963	0.000667	-16207	-64.4486	1	Non-Stiff Stalk
B64	1.0375	0.975	3.5	0.802539478	0.0625	3.162348867	1.061030767	0.24	7.435	77.5	SAM373	500793.3	118427.02	154.7	73.2	9.818350167	-28.8343	-10.0779	-0.1337	-20.1559	-4499.51	-518972	18.93385574	2.1e-05	-15311	-66.1554	1	Unclassified
B68	1.085	0.9425	2.75	0.803364146	0.1425	3.188937113	1.151708699	0.235	9.585	63	SAM370	507821.4	57852.24	160.8	69.7	8.848728722	-9.2884	-10.8826	0.1209	-21.7652	-3164.85	-420233	18.95396167	0.001124	-11790	-33.7921	1	Stiff Stalk
B73	1.103714286	0.978571429	3.942857143	0.857522399	0.125142857	3.274302768	1.130910033	0.25	6.13	82	SAM43	1676948.8	55270.34	169.3	67.7	9.544631999	16.8976	7.7345	0.01998	15.4691	3504.35	451169	20.67740721	-0.00024	12148	42.7816	1	Stiff Stalk
B73HTRHM	0.96	0.8225	3.5	0.622899283	0.1375	2.804690083	1.165437067	0.294	6.54	84.5	SAM26	1884286.9	482035.66	175.3	68.7	9.449867724	29.1918	7.2152	0.1055	14.4304	5013.24	601562	20.84558721	-8.75e-07	16264	64.8138	1	Stiff Stalk
B75	0.9275	0.855	2.5	0.631342314	0.0725	2.801178054	1.087026578	0.2495	8.87	67	SAM142	1170215.4	191752.22	151.6	67.2	8.037412519	0.1091	2.4021	-0.03218	4.8042	285.36	34509	20.15834268	-0.00024	1274.54	2.9882	1	Non-Stiff Stalk
B76	1.075	1.02	3.25	0.872322105	0.055	3.291621546	1.052277576	0.192	8.18	69	SAM244	880846.6	219620.72	139	65.5	8.105553652	-18.7584	2.2023	-0.1948	4.4045	-1758.24	-148629	19.74853127	-0.00079	-4401.83	-30.2358	1	Stiff Stalk
B77	1.225	1.1525	2.5	1.12274631	0.0725	3.735920887	1.067782607	0.2365	5.94	62.5	SAM283	765965	232247.2	161.8	69.7	8.068457102	-15.3967	-4.3508	-0.08931	-8.7017	-2411.72	-296012	19.54691895	-0.00018	-8089.25	-33.9105	1	Unclassified
B79	0.955	0.925	4.5	0.696353647	0.03	2.953433644	1.033630172	0.2545	6.66	63.5	SAM364	535034	NA	131.1	67.7	8.532291603	-11.0262	-6.3475	0.007129	-12.695	-2551.53	-311972	19.02927105	0.000244	-9253.49	-33.0267	1	Unclassified
B84	1.0925	0.8975	2.5	0.776955133	0.195	3.133702572	1.216844767	0.24	5.745	81.5	SAM326	675835.6	202037.29	152.9	75	8.637129153	-10.9437	-8.6462	0.03566	-17.2924	-2701.44	-371794	19.36631282	0.000599	-9919.67	-32.0627	1	Unclassified
B97	1	0.8225	2.5	0.647423341	0.1775	2.870035534	1.21552132	0.179	6.215	69.5	SAM255	842793	186437.93	161.2	68	8.752142595	-18.8998	-0.2114	-0.1551	-0.4227	-2302.63	-244074	19.68481881	-0.00053	-6472.07	-33.3752	1	Non-Stiff Stalk
BO9	0.895	0.81	2.25	0.571063005	0.085	2.68019722	1.104831292	0.234	6.415	174	SAM187	1074549.8	459899.26	139.4	64.7	8.074651695	0.8668	-0.7605	0.006319	-1.521	-89.1968	-41875	20.03530092	-3e-05	-579.83	0.5851	1	Unclassified
C103	0.8925	0.8525	2.5	0.613022901	0.04	2.741594825	1.051319847	0.175	9.435	58.5	SAM202	994119.6	71051.01	161.4	68.2	7.602631123	-4.3622	1.1318	-0.05016	2.2637	-406.84	-44122	19.9230599	-0.00024	-1001.71	-6.7831	1	Non-Stiff Stalk
C123	1	0.8475	3	0.678623283	0.1525	2.907215406	1.176709165	0.2905	6.79	49	SAM288	759678.9	212101.31	127	64.3	6.884765791	-17.3493	-3.1022	-0.1106	-6.2043	-2525.21	-295367	19.53503023	-0.00029	-8047.12	-35.5582	1	Non-Stiff Stalk
C49A	0.76	0.666666667	2.333333333	0.410815599	0.093333333	2.243646665	1.140764948	0.218	4.885	41.5	SAM49	1624930.9	789810.49	122.3	55.7	6.395310782	9.3556	7.6808	-0.04016	15.3616	2796.22	410598	20.63194694	-0.00043	10107	28.2096	1	Unclassified
CH701-30	0.7975	0.72	2.75	0.458338733	0.0775	2.385253553	1.108961193	0.2475	6.98	69.5	SAM164	1114396.9	313745.99	155.7	63.7	8.384509527	0.2151	0.9069	-0.02324	1.8137	106.31	-3045.02	20.08783172	-0.00022	262.87	0.6653	1	Unclassified
CH9	1.055	0.86	2.75	0.714987218	0.195	3.020283038	1.224782711	0.181	7.895	35.5	SAM233	910012.2	216338	132.1	65	6.41092817	-11.5723	-0.8066	-0.1031	-1.6133	-1490.56	-174895	19.79552636	-0.00041	-4628.37	-22.2738	1	Unclassified
CI187-2	0.82	0.7875	2.75	0.507681373	0.0325	2.525446303	1.041369606	0.242	5.27	56	SAM263	806741.6	85889.01	143.3	68.5	8.342661446	-21.7311	0.2616	-0.1842	0.5232	-2538.06	-257790	19.62174713	-0.00064	-7027.23	-37.8325	1	Stiff Stalk
CI21E	1.1825	1.055	2.75	0.997318223	0.1275	3.518137096	1.114078863	0.25	8.915	80.5	SAM57	1558495.3	502230.79	169.5	72.7	8.988882022	28.7669	3.207	0.2187	6.4141	3616.34	370360	20.57172237	0.000606	11118	56.7171	1	Unclassified
CI28A	1.0575	0.98	2.5	0.818600871	0.0775	3.202308474	1.082079777	0.2235	7.135	92	SAM104	1293403.1	158772.43	146.6	71.7	8.294576541	-7.8789	8.7464	-0.1794	17.4928	417.06	147466	20.30274054	-0.00097	3695.53	-1.3081	1	Unclassified
CI31A	1.0175	0.95	2.25	0.767981959	0.0675	3.091982008	1.073639298	0.21	6.03	64.5	SAM211	969854	319244.06	124.4	76.7	8.00624756	2.2845	-3.2712	0.1119	-6.5423	-622.81	-124579	19.88740806	0.000789	-2574.34	-0.2534	1	Unclassified
CI3A	1.02	0.9225	3	0.766254083	0.0975	3.053570714	1.115741846	0.256	6.94	88.5	SAM221	935202.8	319545.07	174.8	73.2	9.944847912	-2.6924	-3.412	0.02098	-6.824	-945.04	-153714	19.83491972	0.000191	-3779.71	-10.6137	1	Unclassified
CI64	1.215	1.05	2.75	1.004484981	0.165	3.563236831	1.160326594	0.284	7.825	77	SAM337	640452	44579.6	149.6	76.2	8.786353055	3.8521	-9.3451	0.2091	-18.6902	-1729.55	-303494	19.28873092	0.001297	-7348.88	-6.5933	1	Unclassified
CI66	0.89	0.7525	3.75	0.544300562	0.1375	2.584781636	1.17869041	0.2325	7.995	54.5	SAM205	985646.9	256157.06	135.4	78.3	8.221921916	-4.4998	-0.8067	-0.02857	-1.6134	-787.29	-111300	19.91071138	-1e-04	-2597.27	-9.6248	1	Unclassified
CI7GOODMAN-BUCKLER	0.9825	0.9425	4	0.728594241	0.04	3.024229863	1.042070617	0.287	7.145	88	SAM240	888239	28553.05	188	74	10.45944549	-17.6329	3.0608	-0.1654	6.1216	-1599.49	-120922	19.76058839	-0.00062	-3523.64	-26.7107	1	Unclassified
CI90C	1.055	0.89	3.5	0.748582624	0.165	3.062431889	1.201350312	0.255	7.29	66	SAM99	1301479.1	96506.99	167.3	72.2	9.126883367	6.6589	4.1694	-0.00747	8.3388	1328.67	154257	20.31172071	-3e-04	4649.07	17.0493	1	Unclassified
CI91BGOODMAN-BUCKLER	0.976666667	0.813333333	4.333333333	0.626669195	0.163333333	2.818306008	1.200029904	0.1905	5.995	61.5	SAM155	1129786.8	313207.06	NA	NA	NA	-0.885	1.658	-0.04147	3.316	109.23	9895.07	20.10761912	-3e-04	500.74	-0.1697	1	Unclassified
CM105	0.753333333	0.66	2.333333333	0.392829981	0.093333333	2.222924585	1.138266988	0.253	5.24	52.5	SAM145	1162179.5	311052.8	129.5	57	6.715653356	4.0657	1.0007	0.008513	2.0014	545.95	37131	20.14840148	-0.00013	1553.82	7.9109	1	Unclassified
CM174	0.7625	0.6475	1.5	0.400278174	0.115	2.218643096	1.176244101	0.2685	5.3	47.5	SAM220	937176.2	141171.47	124.6	55.2	6.395310782	-4.3381	-2.5688	-0.00254	-5.1376	-1095.36	-168714	19.83796079	5.3e-05	-4034.77	-12.4336	1	Unclassified
CM37	0.795	0.74	1.75	0.467076288	0.055	2.412122015	1.075777716	0.255	4.905	31	SAM167	1104359.2	238531.87	110.9	54	5.495452666	-19.6843	6.0507	-0.2101	12.1014	-1342.67	-55656	20.07477806	-0.00083	-1759.51	-25.4738	1	Unclassified
CM7	0.85	0.765	2.5	0.514317987	0.085	2.53888895	1.113580476	0.2195	6.3	28	SAM40	1717634.6	322764.49	108.6	53	5.761944116	0.466	10.576	-0.1242	21.1521	2157.28	389184	20.71199173	-0.00071	9432.14	17.2065	1	Unclassified
CML10	1.1275	1.045	4.75	0.924825972	0.0825	3.414560638	1.080298912	0.2425	9.915	114	SAM213	960752.9	278584.9	174.1	88	11.11755369	10.1427	-5.4775	0.2058	-10.955	-211.4	-132231	19.8738059	0.001097	-2066.3	10.6926	1	Tropical
CML103	1.015	0.865	2.5	0.691641258	0.15	2.958187991	1.174761108	0.2505	7.625	118	SAM243	883886.3	265408.46	153.2	78	10.84896308	-0.07296	-5.2662	0.09218	-10.5325	-1101.7	-196862	19.75350127	0.000631	-4597.45	-8.1029	1	Tropical
CML108	0.8275	0.815	2.75	0.532225065	0.0125	2.580181751	1.015625	0.185	8.98	77	SAM254	843431.2	357806	165.5	78.5	10	-15.3705	-2.1914	-0.1104	-4.3828	-2072.66	-230877	19.68591086	-0.00029	-6445.2	-30.2586	1	Tropical
CML11	1.283333333	1.183333333	3.333333333	1.203701225	0.1	3.876265932	1.08530085	0.261	8.755	77	SAM176	1092895.5	333628.14	160.6	82.7	10.27618606	23.9472	-5.3836	0.3454	-10.7673	1147.69	-21124	20.05972403	0.001644	1917.27	36.8251	1	Tropical
CML14	1.176666667	1.04	7	0.985727055	0.136666667	3.485618932	1.124536359	0.255	8.975	104.5	SAM158	1125169.8	657141	153.9	100.7	9.654014709	0.06608	-0.4444	0.001454	-0.8889	-61.048	-17187	20.10171131	1.82e-07	-454.13	-1.413	1	Tropical
CML154Q	1.0575	0.96	4.25	0.804856403	0.0975	3.171202798	1.104072927	0.2335	8.225	75	SAM369	518460.4	245212.5	134.7	77	9.523654761	-30.3978	-8.9804	-0.1611	-17.9608	-4495.25	-503037	18.98387427	-2e-04	-15079	-68.1485	1	Tropical
CML157Q	1.34	1.1575	4.75	1.222570416	0.1825	3.928669091	1.155801032	0.229	8.15	117	SAM185	1079802.3	671438.64	177.9	87	11.82793304	-6.7005	1.2535	-0.09921	2.507	-260.65	10227	20.04233576	-0.00048	-441.46	-10.3544	1	Tropical
CML158Q	1.375	1.345	5.5	1.453379301	0.03	4.272749373	1.022036054	0.19	9.11	118	SAM193	1051059.5	410476.57	166.6	81	10.13410085	5.6898	-2.7313	0.08226	-5.4626	75.0518	-56300	20.00341291	0.000331	-715.85	5.655	1	Tropical
CML218	1.045	0.9475	4.5	0.787813263	0.0975	3.131739606	1.101587302	0.247	9.92	84	SAM71	1440029.6	486980.66	173.1	82.7	9.596874491	14.0457	4.8501	0.06635	9.7002	2259.74	270752	20.45766704	2.5e-05	7696.68	32.1867	1	Tropical
CML220	0.815	0.705	2.25	0.451211245	0.11	2.391831867	1.163943641	0.162	7.475	43.5	SAM315	713736.6	47956.73	113.3	71.7	7.668115805	-15.3824	-4.6156	-0.05348	-9.2312	-2727.91	-336155	19.44503223	8.85e-07	-9095.86	-35.3896	1	Tropical
CML228	1.1975	1.13	5.5	1.064273416	0.0675	3.656987396	1.061123102	0.2115	7.025	90	SAM292	751791.2	76900.68	168.8	87	9.5289034	-14.1536	-4.3097	-0.06523	-8.6194	-2399.6	-301665	19.5199725	-8e-05	-8143.06	-32.4997	1	Tropical
CML238	1.116666667	1.053333333	4.333333333	0.958552278	0.063333333	3.410581704	1.062487562	0.2465	9.885	68.5	SAM359	554605.8	106301.35	141	88.5	8.526429499	-11.6828	-11.8137	0.09007	-23.6273	-3365.35	-459107	19.08110318	0.000992	-12624	-39.053	1	Tropical
CML247	1.19	1.085	4.75	1.014989682	0.105	3.575578245	1.097284874	0.246	9.285	84	SAM229	917642.3	84032.32	130.3	92.5	8.502940668	-9.244	-0.05135	-0.07707	-0.1027	-1115.36	-122969	19.80757237	-3e-04	-3387.69	-17.9122	1	Tropical
CML254	1.24	1.09	9.5	1.075877674	0.15	3.663821597	1.136356404	0.256	13.665	118.5	SAM338	640055.8	61542.15	NA	NA	NA	-10.4168	-8.7963	0.05254	-17.5926	-2817.93	-388796	19.28783816	0.000654	-10362	-31.9599	1	Unclassified
CML258	1.0225	0.9325	3	0.7890699	0.09	3.072916614	1.089449612	0.234	11.3	121	SAM27	1869626.8	688703.72	182.7	96	10.80277742	32.2771	7.3851	0.1454	14.7701	5252.98	631964	20.83431889	3.69e-06	16775	67.9686	1	Tropical
CML261	1.155	1.065	5	0.966864409	0.09	3.489104717	1.087699115	0.286	11.06	117	SAM120	1227928.2	192211.87	207.4	85	11.06797181	-5.862	6.1175	-0.1413	12.2351	283.4	92414	20.22779477	-8e-04	2318.68	-2.2835	1	Tropical
CML264	1.215	1.18	13.5	1.12904913	0.035	3.76230464	1.030522523	0.327	NA	NA	SAM316	713155	263491.53	NA	NA	NA	-11.7818	-7.496	-0.00671	-14.992	-2515.96	-340415	19.44385615	0.000292	-9114.78	-31.5675	1	Unclassified
CML277	1.195	1.0175	4.75	0.954396213	0.1775	3.481918835	1.177822555	0.2535	9.805	93.5	SAM325	679196.2	100010.18	160.4	97	8.803408431	-12.8297	-7.8482	0.000983	-15.6963	-2760.47	-368968	19.37346886	0.000401	-9985.55	-34.8914	1	Tropical
CML287	1.11	1.0175	3	0.892271218	0.0925	3.343723031	1.093124553	0.21	9.345	134.5	SAM368	519147.6	78731.28	188	96.3	11.54556192	-28.2405	-4.2837	-0.1694	-8.5674	-3786.65	-388643	18.98578525	-0.00039	-11748	-57.5098	1	Tropical
CML311	1.066666667	0.98	1.333333333	0.862262464	0.086666667	3.216834532	1.076957851	0.2985	8.125	95	SAM342	630411.4	214162.88	194.6	86	10.15874008	-28.4592	-0.7765	-0.2031	-1.553	-3340.38	-310777	19.2659341	-0.00058	-9299.35	-51.8457	1	Tropical
CML314	1.13	1.0075	4	0.92390313	0.1225	3.360824607	1.11278042	0.25	10.92	107.5	SAM275	779945.8	104122.72	183.7	85.7	9.628083922	-20.8436	-1.4763	-0.1564	-2.9527	-2698.5	-294255	19.57301435	-0.00049	-8018.88	-39.0797	1	Tropical
CML321	1.295	1.155	6.5	1.186285021	0.14	3.852390558	1.11821923	0.207	10.045	98	SAM148	1151602.8	NA	199.9	85.7	10.23230179	6.1751	0.1846	0.03069	0.3693	675.47	38892	20.13521177	4.1e-05	1767.41	11.6656	1	Tropical
CML322	1.065	0.905	5.25	0.76778561	0.16	3.099647663	1.175146862	0.2935	7.15	80.5	SAM377	489637.9	107044.89	136.6	80	9.121403401	-40.8052	-5.8531	-0.3193	-11.7062	-5100.47	-528352	18.90135571	-0.00094	-15736	-79.1918	1	Tropical
CML323	0.94	0.8275	2.25	0.619580976	0.1125	2.779792655	1.131004637	0.2355	6.395	55	SAM61	1533821.2	222418.5	132.2	78	8.723531395	24.733	4.2867	0.1497	8.5735	3375.97	349613	20.54869888	0.00021	10609	50.493	1	Tropical
CML328	1.0075	0.9125	5	0.724549441	0.095	3.018280372	1.103577672	0.219	8.495	115	SAM81	1374967.3	559420.59	152.5	83.7	10.01498877	3.0766	5.0344	-0.05794	10.0687	1330.09	195909	20.39096588	-0.00047	4966.82	12.0841	1	Tropical
CML331	1.0725	1.03	7.5	0.869965911	0.0425	3.303133858	1.042785748	0.287	10.315	112	SAM295	749090.9	232347.2	183.3	94.5	10.20784012	-14.1394	-5.3602	-0.04601	-10.7204	-2486.36	-310200	19.51478127	0.000134	-8509.65	-33.3561	1	Tropical
CML332	0.92	0.8025	3.75	0.591306642	0.1175	2.708998527	1.149565217	0.1785	9.48	82	SAM270	789947.6	318140.73	152.5	85.7	9.767292358	-12.77	-4.3672	-0.05949	-8.7345	-2156.21	-271199	19.59139743	-8e-05	-7474.85	-30.2607	1	Tropical
CML333	0.8525	0.765	3.25	0.526746913	0.0875	2.542916515	1.109193926	0.284	8.32	107	SAM203	993151.1	218129.68	169.8	77	10.44509454	0.5295	-1.9098	0.02642	-3.8197	-443.92	-104990	19.9216537	9e-05	-1985.54	-2.196	1	Tropical
CML341	1.44	1.38	5	1.56074323	0.06	4.430147016	1.043478261	0.232	NA	NA	SAM222	933089.1	167965.52	170.5	84.7	9.746794345	-1.4039	-2.8434	0.04003	-5.6868	-912.02	-156908	19.83165532	0.000275	-3506.26	-7.1147	1	Tropical
CML38	1.0125	0.8625	2.75	0.692191036	0.15	2.951268761	1.179366716	0.2075	9.55	93.5	SAM340	639202.6	42544.04	153.4	86.5	10.32956921	-18.0433	-7.1115	-0.0512	-14.223	-3269.35	-406631	19.28591375	0.000154	-11228	-43.2158	1	Tropical
CML45	1.306666667	1.146666667	8.333333333	1.191815533	0.16	3.859400881	1.133612184	0.234	10.395	120.5	SAM294	750749.4	214278.06	168.2	101.3	10.1882285	-14.5323	-5.1724	-0.04421	-10.3448	-2516.71	-308805	19.51797189	0.000197	-8519.47	-33.7631	1	Tropical
CML5	1.1975	1.0875	7.5	1.04141833	0.11	3.591486256	1.09828285	0.1865	11.385	117.5	SAM91	1345450.9	551802.88	193.8	94.3	10.35857133	24.6203	-1.163	0.2322	-2.3261	2343.54	174426	20.35965831	0.000833	6279.79	43.3175	1	Tropical
CML52	1.2325	1.0625	4.25	1.029617722	0.17	3.610429293	1.161594252	0.1825	7.695	115	SAM376	494424	NA	204.5	90.3	11.81947545	9.5747	-11.0506	0.2893	-22.1012	-1896.02	-335081	18.91538925	0.001707	-8268.14	1.7561	1	Tropical
CML61	1.225	1.1025	7	1.095591168	0.1225	3.659355902	1.123341884	0.259	9.87	139	SAM346	606928.1	216199.44	171.2	108.7	10.24695077	-32.9324	-3.0734	-0.2527	-6.1469	-4064.44	-417331	19.21116609	-0.00078	-12142	-62.091	1	Tropical
CML69	1.1175	1.025	5.25	0.904268175	0.0925	3.367631967	1.088442228	0.2325	7.81	83	SAM345	619217.3	199103.19	149.5	84	8.94427191	-32.4736	-2.6005	-0.2504	-5.201	-3980.41	-405435	19.24008625	-0.00077	-11773	-60.5256	1	Tropical
CML77	1.105	0.935	3.25	0.861778135	0.17	3.210635207	1.197834501	0.188	9.38	80	SAM119	1228588.6	345883.45	142.2	77	8.590692638	14.753	-0.07903	0.1464	-0.1581	1360.49	92969	20.22857047	0.00052	3728.95	26.2879	1	Tropical
CML91	0.9675	0.905	4	0.708036444	0.0625	2.942490164	1.062649283	0.21	9.565	83	SAM378	480869.3	54774.81	156.7	80	9.219544457	-24.4365	-9.4007	-0.06089	-18.8013	-4319.84	-505066	18.8752853	0.000236	-14792	-59.6791	1	Tropical
CML92	1.1275	0.9	4.5	0.805700706	0.2275	3.206330803	1.35512173	0.242	10.16	92	SAM98	1303392.8	277820.42	178.8	86.3	9.316651759	-5.4253	6.4301	-0.129	12.8603	437.75	123691	20.3138405	-0.00069	3003.62	-0.7988	1	Tropical
CMV3	0.6975	0.625	1.75	0.346380225	0.0725	2.07912321	1.116436784	0.218	5.505	37.5	SAM56	1578749.2	235693.06	116.8	54.7	5.813776741	15.7779	4.6745	0.04567	9.3489	2731.47	311818	20.59035057	-9e-05	8888.62	35.6381	1	Unclassified
CO106	0.825	0.725	1.25	0.471356708	0.1	2.437442064	1.136533611	0.1795	6.285	40	SAM28	1864996.4	524459.59	125.1	55.2	6.395310782	18.5846	9.1107	0.01455	18.2214	4125.22	564195	20.83074141	-3e-04	14491	48.1854	1	Unclassified
CO125	0.76	0.6975	1.5	0.432420594	0.0625	2.290813047	1.094309449	0.213	6.575	37	SAM135	1189568.9	413108.52	132	58	6.348228099	2.1617	2.921	-0.02304	5.842	698.86	97870	20.1820074	-0.00023	2658.45	7.3933	1	Unclassified
CO255	0.825	0.7	1.5	0.454961521	0.125	2.401127269	1.192884199	0.2485	4.7	44.5	SAM2	3667265.5	2008635.55	142.8	54.5	7.09929574	43.5143	27.7116	-0.02942	55.4232	12270	2143446	21.80627329	-0.00108	43787	115.79	1	Unclassified
CR14	0.835	0.7375	2.25	0.485101176	0.0975	2.472578381	1.132990133	0.186	4.72	73.5	SAM63	1529734.3	293032.27	131.1	60.2	7.422937424	29.638	3.0936	0.1842	6.1872	3824.18	369474	20.54484966	0.000329	11526	58.4922	1	Unclassified
CR1HT	1.01	0.696666667	3.333333333	0.559412932	0.313333333	2.706003348	1.476950333	0.2195	5.655	43.5	SAM48	1641299	336722.52	129.6	61.7	6.188699379	12.5295	8.296	-0.0143	16.592	2975.4	410645	20.64640665	-0.00041	10677	34.1785	1	Unclassified
CS405	0.9225	0.7975	2.5	0.59228839	0.125	2.705692315	1.161451127	0.2305	5.165	65	SAM4	2937982.8	1351863.57	NA	NA	NA	57.1045	13.4454	0.2075	26.8908	10617	1428827	21.48639452	-4e-05	34261	123.87	1	Unclassified
CS608	1.1075	0.93	3.25	0.817913647	0.1775	3.206702664	1.190465044	0.23	7.82	56	SAM69	1461292	608728.06	NA	NA	NA	30.522	0.1557	0.2696	0.3115	3292.27	288630	20.47881306	0.000863	9374.18	55.7294	1	Unclassified
D940Y	1.3575	1.13	5.25	1.218918315	0.2275	3.917429243	1.206078855	0.2515	8.775	84	SAM317	708919.6	NA	160.9	78.7	8.972179222	-7.6902	-2.5616	-0.0197	-5.1232	-1491.68	-180800	19.43526249	7.8e-06	-5165.37	-19.8617	1	Unclassified
DE1	1.0525	0.96	4.5	0.80191116	0.0925	3.163512158	1.092177521	0.2395	6.76	81	SAM347	604692.3	558784.57	145.5	72.5	9.235799911	-32.3744	-7.9453	-0.1955	-15.8906	-4274.29	-434185	19.20584168	-0.00029	-13980	-70.2159	1	Unclassified
DE2	0.9125	0.8575	3.5	0.61598778	0.055	2.781240797	1.063567829	0.224	7.925	62.5	SAM319	698602.4	311452.72	153.5	70	8.491171886	-12.1486	-8.1533	0.03734	-16.3066	-2715.88	-352651	19.41411207	0.000789	-9748.61	-33.5159	1	Non-Stiff Stalk
DE811	1.0375	0.9375	3.5	0.772792523	0.1	3.104435393	1.109075457	0.2495	8.615	77.5	SAM265	805438	46322.07	167.9	71.7	9.332738076	-4.4612	-4.9698	0.03393	-9.9395	-1622.19	-249104	19.61941401	0.000275	-6226.33	-16.7637	1	Unclassified
DJ7	1.0325	0.89	4.5	0.722232516	0.1425	3.024278921	1.15951815	0.262	5.44	88	SAM25	1904178	428148.41	168	66.3	9.137833441	28.0073	9.873	0.08247	19.746	5153.36	661015	20.86073692	-0.00027	17198	63.6206	1	Stiff Stalk
E2558W	1.1025	0.9725	2	0.84677703	0.13	3.262861374	1.131387714	0.177	9.755	71	SAM334	644511.3	148985.45	164.4	80.2	8.602325267	-24.729	-4.741	-0.1562	-9.4819	-3475.35	-387322	19.29784613	-0.00037	-11192	-51.826	1	Unclassified
E8501	0.845	0.6825	3.75	0.455609475	0.1625	2.408622008	1.261876411	0.264	9.2	44.5	SAM139	1184619.5	222132.45	137.7	61.7	6.503845017	0.3723	3.3479	-0.02977	6.6958	372.06	55999	20.17599231	-0.00023	1933.65	5.3774	1	Unclassified
EP1	0.61	0.5875	1.25	0.285983106	0.0225	1.881381633	1.039381271	0.2095	4.525	36	SAM45	1662566.7	637816.35	122.2	56.2	6.449806199	16.508	8.0657	0.02565	16.1314	3366.43	457865	20.66498079	-0.00031	11765	40.8657	1	Unclassified
F2834T	1.1825	1.045	3.25	0.98347558	0.1375	3.502776031	1.127418652	0.218	8.645	61.5	SAM157	1125305.5	620170.76	136.4	69.7	7.810249676	-15.142	5.0343	-0.1949	10.0686	-813.87	-3433.04	20.10188529	-0.00085	-695.85	-18.8807	1	Unclassified
F42	0.995	0.855	3	0.677386281	0.14	2.910562085	1.159981685	0.262	5.415	48.5	SAM3	3164269.6	739298.42	143	61	7.113367698	62.7073	16.6497	0.2057	33.2994	11980	1624575	21.59344109	-0.00017	39161	139.07	1	Stiff Stalk
F44	1.0625	1	4.75	0.836861378	0.0625	3.240903369	1.062767484	0.226	8.785	94	SAM117	1239542.8	63828.42	181.6	78.7	10.31018914	15.8222	-0.5929	0.1346	-1.1858	1341.93	65774	20.24137666	0.00042	3514.08	28.672	1	Unclassified
F6	1.22	1.1825	2.75	1.135705379	0.0375	3.774240448	1.033467451	0.248	7.965	109	SAM271	789246.5	92166.7	182.1	81.7	10.63954886	-8.1268	-5.1851	0.01621	-10.3702	-2030	-286828	19.59011643	0.000309	-7231.49	-22.3486	1	Unclassified
F7	0.5625	0.495	1.25	0.221521552	0.0675	1.66347336	1.132365446	0.204	5.09	41	SAM5	2914348.2	693275.25	NA	NA	NA	63.8673	15.8348	0.2592	31.6696	11426	1510382	21.47474183	-3e-05	37156	138.18	1	Unclassified
FAPW	0.96	0.825	4.25	0.625471462	0.135	2.808778173	1.162553105	0.215	6.69	68.5	SAM86	1360710.1	1204060.42	140.6	66.5	7.937253933	7.2352	0.3435	0.0465	0.6871	1320.98	204059	20.3759283	0.000156	3907.6	12.5062	1	Stiff Stalk
FBHJ	0.845	0.6875	3	0.459222306	0.1575	2.414115036	1.23156512	0.243	6.985	60.5	SAM198	1024712.3	489226.6	167.3	67.2	7.063993205	-5.6263	-0.478	-0.06456	-0.956	-639.24	-78453	19.96678748	-0.00032	-2071.33	-10.86	1	Stiff Stalk
FBLA	0.84	0.6875	3	0.457317716	0.1525	2.405916334	1.218053412	0.255	6.745	52	SAM251	852397.9	193677.89	NA	NA	NA	-6.1833	-3.8655	0.003796	-7.731	-1518.39	-219252	19.70116751	0.000159	-5524.76	-17.4702	1	Unclassified
FLORIDA32	0.7925	0.6225	3.5	0.389596759	0.17	2.233934209	1.291289751	0.243	4.88	36	SAM156	1127746.9	11099.19	111.8	64.3	5.949789912	-1.9207	2.3968	-0.05589	4.7936	181.57	29431	20.10501189	-0.00033	946.48	-0.7704	1	Sweet Corn
FR19	0.88	0.753333333	3.333333333	0.524436534	0.126666667	2.569544026	1.166620261	0.233	6.11	58.5	SAM108	1280369.3	523559.17	145.8	64.2	7.707139547	21.9303	-1.2995	0.2341	-2.5991	1958.4	136507	20.28812856	0.000929	5168.46	37.9329	1	Stiff Stalk
G80	0.893333333	0.8	3.666666667	0.570827385	0.093333333	2.662127448	1.116857915	0.261	6.545	55.5	SAM349	593162.3	69018.01	154.9	66.2	7.803845206	-11.7841	-10.2769	0.05611	-20.5538	-3125	-426238	19.17806738	0.00072	-11631	-37.041	1	Stiff Stalk
GA209	1.065	1.025	3.5	0.86829694	0.04	3.283359603	1.039868443	0.2275	7.845	98.5	SAM122	1216357.8	289268.74	160.2	83.2	9.612491873	9.0688	1.2589	0.06275	2.5179	1040.01	82685	20.21413624	0.000103	3085.61	17.5834	1	Unclassified
GT112	1.08	0.9875	3.25	0.843792517	0.0925	3.249739878	1.097433886	0.271	9.445	104.5	SAM266	804814.9	505386.18	182	82.7	8.734987121	-14.899	-4.7264	-0.07147	-9.4527	-2293.39	-263346	19.61829749	-2.27e-06	-7737.85	-33.7407	1	Unclassified
H105W	0.915	0.8525	3.75	0.61384757	0.0625	2.777697242	1.073424323	0.2935	6.02	66	SAM218	938524.1	111955.88	137.5	67.2	8.729261137	8.332	-4.0574	0.1268	-8.1149	-120.03	-107822	19.84003427	0.000549	-1618.8	9.0488	1	Stiff Stalk
H49	0.9275	0.82	2	0.611137946	0.1075	2.747827975	1.137195058	0.188	5.58	74.5	SAM85	1365010.9	402992.09	151.9	69.7	8.94427191	4.5897	5.5308	-0.04426	11.0615	1446.07	207675	20.38048104	-0.00046	5425.77	15.1589	1	Unclassified
H84	0.98	0.86	3	0.665683848	0.12	2.893537922	1.141897977	0.2425	8.36	45.5	SAM248	863707.7	394693.78	146.9	66.7	7.476630257	-16.1683	1.2803	-0.1423	2.5606	-1621.79	-138716	19.72018363	-0.00052	-4152.41	-26.8819	1	Stiff Stalk
H8431	0.875	0.7775	2.25	0.545851724	0.0975	2.598115269	1.122627011	0.2285	6.635	55	SAM21	1972168.5	309335.86	151.4	63.7	7.981227976	31.2204	5.8818	0.1264	11.7636	5061.44	576650	20.91135139	6.7e-05	15942	66.6253	1	Stiff Stalk
H91	1.095	0.88	2.5	0.756534781	0.215	3.113758446	1.254528986	0.2955	6.42	83.5	SAM278	777871.6	NA	165	71.7	9.126883367	-6.3349	-2.585	-0.01223	-5.17	-1349.54	-173783	19.56917251	2e-05	-4807.13	-17.3714	1	Unclassified
H95	0.98	0.83	2.75	0.653686891	0.15	2.849403244	1.188871302	0.232	4.125	51	SAM199	1017480.5	59772.61	136.5	70	7.536577473	-2.3519	-0.1494	-0.01958	-0.2989	-491.7	-84534	19.95656971	-0.00012	-1634.46	-4.9107	1	Non-Stiff Stalk
H99	0.7175	0.6375	2.25	0.362696872	0.08	2.130981249	1.127997818	0.2555	5.845	26.5	SAM96	1314404	437696.77	111.8	63.7	5.558776844	20.7991	-0.4989	0.2066	-0.9977	1888.61	132483	20.32597735	0.000783	5268.6	38.0639	1	Unclassified
HB8229	1.0625	0.915	6	0.793939368	0.1475	3.110819732	1.167046203	0.21	8.455	53.5	SAM367	525311	222217.19	128	71.5	7.739509028	-18.4876	-12.3548	0.07001	-24.7095	-4027.15	-498358	19.00281227	0.001378	-14257	-50.2844	1	Stiff Stalk
HBA1	0.9075	0.8625	2.25	0.623488332	0.045	2.780863053	1.051341324	0.212	7.725	61	SAM194	1044847.2	160636.12	154.3	72	7.496665926	12.3692	-3.6232	0.1802	-7.2465	384.01	-61523	19.99486055	0.000795	-6.5438	17.0188	1	Unclassified
HI27GOODMAN-BUCKLER	1.02	0.895	0.5	0.721702372	0.125	3.011287964	1.140181041	0.2335	7.79	98	SAM161	1120663.9	196010.56	165.4	84.5	9.994998749	18.4726	-2.7783	0.2279	-5.5567	1087.18	2224.41	20.09592223	0.000917	2329.89	30.4415	1	Unclassified
HP301	NA	NA	NA	NA	NA	NA	NA	NA	NA	NA	SAM351	585710	52437.65	146.3	68.2	9.176055798	-20.1751	-6.7968	-0.08362	-13.5936	-3282.74	-384281	19.159827	1.2e-05	-11166	-46.9367	1	Popcorn
I137TN	0.98	0.926666667	1.666666667	0.718115721	0.053333333	2.995769607	1.058062757	0.163	7.705	55.5	SAM173	1097186.6	347829.92	140.9	77.7	8.258329129	5.0533	-0.5146	0.04782	-1.0292	245.72	-25884	20.06537748	0.000113	481.21	9.1197	1	Unclassified
I205	1.0675	0.8475	2.75	0.717598667	0.22	3.018578645	1.262189561	0.2355	6.455	63	SAM216	950130.3	204242	131.1	67.2	7.536577473	-8.5221	-1.0163	-0.06395	-2.0326	-1244.69	-158371	19.85776585	-0.00023	-4005.55	-17.4582	1	Unclassified
I29	0.7675	0.735	3.5	0.45773005	0.0325	2.360805597	1.057451923	0.224	5.495	45	SAM257	838322.6	151936.93	124.9	65.2	7.615773106	-0.5169	-5.6481	0.09123	-11.2961	-1317.15	-230490	19.677146	0.000595	-5370.46	-9.5172	1	Unclassified
IA2132GOODMAN-BUCKLER	0.78	0.635	2.25	0.390814126	0.145	2.230413568	1.225042602	0.2305	5.44	39	SAM89	1357562.9	393545.2	114.7	61.7	6.379655163	-4.4213	8.5821	-0.1479	17.1641	850.11	201413	20.37258761	-0.00086	4935.61	4.4578	1	Sweet Corn
IA5125B	0.88	0.8025	1.75	0.564288945	0.0775	2.644769913	1.10539967	0.1905	5.31	52	SAM160	1122178	129137.33	116.1	62.2	7.224956747	-5.4916	3.1784	-0.08661	6.3568	-231.67	-3846.5	20.0978701	-0.00044	101.9	-5.5792	1	Sweet Corn
ICI740	1.1375	1.015	3.75	0.915126305	0.1225	3.384298898	1.124745642	0.2395	6.445	66	SAM50	1621501.4	446730.81	NA	NA	NA	24.9521	4.2293	0.1263	8.4586	3657.5	392754	20.62889884	0.00011	11325	50.8988	1	Unclassified
IDS28	0.965	0.775	4.25	0.589009353	0.19	2.741696114	1.244816805	0.225	5.615	91	SAM264	806057.7	294517.41	147.7	69.5	9.549869109	-2.5354	-6.9797	0.09716	-13.9593	-1625.79	-262301	19.62052359	0.000763	-6455.03	-14.5451	1	Popcorn
IDS69	0.885	0.7625	2	0.530536459	0.1225	2.592288729	1.162062682	0.2585	3.795	59.5	SAM285	764034.2	NA	113.7	67.3	7.745966692	-6.4863	-5.067	0.0219	-10.134	-2028.07	-288545	19.54327769	0.000211	-7559.52	-22.1025	1	Popcorn
IDS91	0.9025	0.675	2.5	0.499552502	0.2275	2.540519644	2.527316326	0.203	7.21	64.5	SAM343	628879.6	NA	130.7	68	8.167006796	-11.3617	-3.1887	-0.03689	-6.3773	-1987.97	-226348	19.26242431	-2e-05	-6728.33	-27.9094	1	Popcorn
IL101T	0.775	0.7	1.75	0.43200826	0.075	2.318766312	1.110601789	0.207	6.135	31	SAM60	1541356.3	144691.16	117.5	60.5	5.585696018	19.3255	2.6176	0.09483	5.2352	2700.42	264160	20.55576896	0.000107	8175.52	39.2663	1	Sweet Corn
IL14H	0.8	0.71	2	0.468699444	0.09	2.374175402	1.118251959	0.192	5.35	40	SAM301	735992.6	NA	156.4	62.5	7.791020472	-15.3052	0.3649	-0.09774	0.7297	-1813.39	-165394	19.48933174	-0.00029	-4947.64	-28.0673	1	Sweet Corn
IL677A	0.89	0.86	2	0.601143754	0.03	2.749095546	1.034883721	NA	6.03	48	SAM8	2548605.2	979898.12	NA	NA	NA	17.3317	15.9546	-0.07712	31.9093	5980.84	991929	21.28127647	-0.00071	22215	55.832	1	Unclassified
ILL.HY	0.9925	0.815	3.25	0.659989712	0.1775	2.846642115	1.213843838	0.267	7.925	81.5	SAM242	887122.9	56017.86	150.3	65.7	9.423375192	0.2151	-4.6326	0.07698	-9.2652	-1012.8	-194140	19.75877446	0.000465	-4271.6	-6.6761	1	Stiff Stalk
K148	1.0875	0.9325	2.75	0.797277311	0.155	3.178698556	1.168000462	0.227	7.44	60	SAM355	569221.8	240009.47	152.9	72.2	7.141428429	-30.3957	-5.9772	-0.198	-11.9544	-4135.82	-447437	19.11863139	-0.00047	-13237	-62.9646	1	Unclassified
K4	0.8825	0.78	2.75	0.552311623	0.1025	2.614157237	1.129935856	0.2575	7.24	94	SAM181	1083439	279499.66	160.2	77	9.523654761	14.3076	-3.3417	0.1959	-6.6833	650.61	-29075	20.0471865	0.000851	867.87	21.0654	1	Unclassified
K55	0.73	0.59	1.75	0.361675854	0.14	2.079701333	1.246449391	0.254	7.035	51.5	SAM97	1306112.2	618102.64	117.4	71.2	7.328028384	21.1305	-0.8309	0.229	-1.6618	1851.39	140932	20.3168474	0.000959	5135.44	38.0615	1	Unclassified
K64	0.9625	0.89	2.25	0.695450439	0.0725	2.911550425	1.084628683	0.272	8.435	75.5	SAM361	546083	47643.83	159	75.5	8.312640976	-33.9685	-5.8765	-0.2482	-11.7531	-4470.25	-480892	19.05876072	-0.00067	-14140	-68.3478	1	Unclassified
KI11	1.27	1.19	4.25	1.192862731	0.08	3.865453674	1.069614731	0.274	9.665	88.5	SAM123	1215499.5	302752.87	152	80.5	9.939818912	0.608	3.653	-0.05641	7.306	602.21	81964	20.21311787	-0.00045	2496.69	5.8525	1	Tropical
KI14	1.2175	1.05	7.25	1.005800523	0.1675	3.567603468	1.165080456	0.2215	8.205	120	SAM250	856650	232132.82	175.4	89.7	11.30486621	-1.7494	-5.3601	0.06324	-10.7202	-1265.82	-219763	19.70834636	0.000434	-5137.18	-10.9863	1	Tropical
KI21	1.06	1.005	4	0.837646776	0.055	3.244477552	1.054064389	0.318	7.19	100.5	SAM358	554739.4	32448.59	140.3	84.5	8.717797887	-15.5878	-7.2678	-0.02099	-14.5356	-3020.51	-365666	19.08145067	0.000251	-10612	-40.5254	1	Tropical
KI3	0.9	0.87	5.5	0.614809682	0.03	2.780711239	1.035294118	0.217	7.99	70	SAM172	1098822.9	177812.22	128.5	80.2	7.968688725	13.9147	-2.3323	0.1742	-4.6646	743.18	-16140	20.06752745	0.000695	1418.38	22.2577	1	Tropical
KI43	1.2	1.1	4	1.036725576	0.1	3.614539747	1.090909091	0.26	6.71	66	SAM341	637954.5	52862.63	128.7	71.5	8.35463943	-1.1767	-9.792	0.1602	-19.584	-2320.86	-370589	19.28309401	0.001062	-9253.32	-16.8894	1	Tropical
KI44	1.005	0.8925	4	0.710844243	0.1125	2.983501183	1.128297372	0.246	7.66	61	SAM303	731903.5	403299.51	124.5	82	8.814760348	-26.1626	-1.5578	-0.2217	-3.1155	-3148.49	-324651	19.48129392	-0.00074	-8700.63	-44.1255	1	Tropical
KUI2021	1.09	1.0525	5	0.901990521	0.0375	3.365845776	1.035373832	0.225	9.575	136.5	SAM224	927660.1	468751.98	199.1	90.5	11.90798052	1.7993	-3.6916	0.09757	-7.3832	-629.14	-111251	19.82323676	0.000648	-2685.2	-2.2759	1	Tropical
KY21	1.075	0.9275	3.25	0.788284502	0.1475	3.150646083	1.168595708	0.242	6.81	94.5	SAM162	1116168.2	100825.63	152.9	75.2	9.797958971	3.9308	0.1308	0.02831	0.2615	273.96	-8645	20.09012302	2.7e-05	549.24	6.4897	1	Unclassified
KY226	0.8825	0.805	2	0.563562452	0.0775	2.652436669	1.094117647	0.241	7.5	79	SAM165	1114113.2	162393.22	156.4	78.5	9.648834126	-0.333	0.4125	-0.00017	0.8249	-215.68	-48581	20.0874644	-2e-05	-579.16	-0.04338	1	Unclassified
KY228	0.9175	0.8125	3.5	0.605149285	0.105	2.722590763	1.153142009	0.2135	7.82	59	SAM195	1042818.6	567116.71	160	69	8.167006796	-7.6656	-0.9013	-0.06863	-1.8026	-844.77	-84364	19.99205679	-0.00025	-2746.28	-15.9308	1	Unclassified
L127	0.8225	0.745	2.25	0.48959758	0.0775	2.46408238	1.100450551	0.274	6.12	45.5	SAM67	1478571.9	476417.66	115.4	59.5	7.422937424	22.6374	2.9724	0.1439	5.9448	3000.58	303159	20.49577297	0.000236	9109.3	44.4433	1	Non-Stiff Stalk
L317	1.115	0.9425	1.75	0.833248547	0.1725	3.238500778	1.178761016	0.2485	7.325	116.5	SAM276	779340.8	238009.17	176.9	70.7	10.09950494	1.9565	-8.1911	0.1667	-16.3821	-1544.33	-279668	19.57189482	0.001073	-6570.67	-8.4256	1	Unclassified
L578	0.8675	0.775	5.75	0.533815497	0.0925	2.582609398	1.116266225	0.232	8.245	114	SAM282	766594.1	371631.9	190.5	78.7	11.28716085	-13.3273	-5.6887	-0.04099	-11.3775	-2368.5	-295483	19.54810337	0.000138	-8177.74	-31.7597	1	Unclassified
LH1	1.15	1.0325	3	0.93452564	0.1175	3.430841309	1.113424945	0.2275	7.745	44.5	SAM44	1664021.7	271030.7	117.2	69.5	7.056911506	19.1844	7.0598	0.05773	14.1195	3454.52	428788	20.66624282	-0.00014	11699	44.7048	1	Stiff Stalk
LH123HT	0.9035	0.775	5.75	0.549248571	0.1285	2.641782402	1.169279019	0.2635	10.64	75.5	SAM196	1032539.1	33841.96	188.1	71	9.186947262	-5.7039	0.6684	-0.05209	1.3367	-692.9	-84376	19.97776498	-0.00022	-1989.5	-10.163	1	Non-Stiff Stalk
LH143CMS	0.7475	0.6625	1.75	0.394171703	0.085	2.217279921	1.136324786	0.2795	5.1	62.5	SAM170	1099279.8	328108.57	NA	NA	NA	14.0448	-3.1756	0.165	-6.3511	727.13	-22129	20.06812721	0.000631	1040.53	20.829	1	Unclassified
LH145	0.8925	0.6875	2.5	0.481625789	0.205	2.497804937	1.348284774	0.3035	4.925	60	SAM73	1413976.7	299643.73	140.9	59.7	7.733045972	12.6612	4.4146	0.04413	8.8293	2055.7	229140	20.43132692	-8e-05	7023.24	29.722	1	Stiff Stalk
LH146HT	0.875	0.76	3	0.523075177	0.115	2.571525199	1.152777778	0.226	5.33	57	SAM118	1235580.2	173191.93	155.4	61.2	7.661592524	21.1305	-1.1758	0.2061	-2.3516	1725.8	84616	20.23675723	0.000701	4496.63	37.5976	1	Stiff Stalk
LH150	1.035	0.9025	2.5	0.747070733	0.1325	3.047116356	1.148037007	0.2375	8.515	86.5	SAM219	938344.2	252202	174.9	80.5	9.396807969	-15.8339	1.2968	-0.1548	2.5936	-1624.47	-152712	19.8397577	-0.00061	-4340.86	-26.8783	1	Unclassified
LH208	0.8225	0.6625	3.75	0.457180271	0.16	2.340058387	1.25608604	0.2395	6.275	61	SAM65	1497712.1	222880.32	157.4	68.7	8.167006796	24.0258	4.4511	0.1706	8.9022	3093.05	319252	20.5143289	0.000396	10127	50.7754	1	Stiff Stalk
LH213	1.0225	0.885	4.25	0.712159785	0.1375	3.000612353	1.156720125	0.2	9.525	65.5	SAM253	843611.1	136866.19	NA	NA	NA	-22.7835	1.165	-0.2272	2.33	-2410.13	-230726	19.68621855	-0.00089	-6528.89	-38.549	1	Unclassified
LH38	1.1625	1	4.75	0.912141792	0.1625	3.402722568	1.164657059	0.2475	5.61	86	SAM174	1096961.7	123705.74	118.4	64.7	6.033241252	4.6559	-0.9301	0.05166	-1.8602	131.45	-41134	20.06508172	0.000153	-109.65	6.5476	1	Non-Stiff Stalk
LH39	0.9275	0.82	3.75	0.598394861	0.1075	2.747883527	1.134260185	0.257	6.285	71	SAM102	1297833.5	NA	145.7	65	8.105553652	10.7985	1.0207	0.04713	2.0414	1439.1	122106	20.30767388	5.5e-05	4208.56	22.1564	1	Non-Stiff Stalk
LH51	0.9225	0.7425	3.75	0.538468981	0.18	2.623390097	1.24504672	0.239	7.195	79.5	SAM153	1136102.1	234168.05	140.1	69.5	8.13019065	0.005623	1.8457	-0.03161	3.6914	186.89	15205	20.11566106	-0.00026	808.45	1.9015	1	Non-Stiff Stalk
LH52	0.84	0.7275	3.25	0.483942713	0.1125	2.465950321	1.1547459	0.238	5.57	61	SAM249	859418.1	179468.07	140.6	61	7.810249676	-18.409	-0.03206	-0.1746	-0.06412	-2099.57	-217435	19.71300064	-0.00067	-6074.9	-33.0461	1	Non-Stiff Stalk
LH54	1.185	1.06	4.25	0.988050525	0.125	3.529430287	1.118910815	0.2875	6.555	74	SAM322	692365.1	107440.34	118.7	61.7	6.848357467	-10.996	-7.6839	0.01875	-15.3678	-2595.83	-357896	19.40117348	0.000456	-9437.18	-30.8869	1	Non-Stiff Stalk
LH57	0.7	0.585	3.5	0.322641566	0.115	2.022614126	1.19796627	0.2095	5.74	36	SAM78	1385980.7	117025.07	110.2	65.3	5.477225575	7.9662	3.6358	0.008958	7.2715	1508.05	171993	20.40247574	-0.00014	5119	19.5602	1	Non-Stiff Stalk
LH60	0.9225	0.845	3	0.614161729	0.0775	2.778221877	1.093690476	0.266	7.48	55	SAM374	497860	104414.27	158.6	72.2	8.087026648	-21.5685	-11.7404	-0.00737	-23.4808	-4234.33	-519486	18.92538058	0.00065	-15034	-56.8905	1	Unclassified
LH74	0.875	0.725	3.25	0.499572137	0.15	2.519262352	1.211594723	0.245	5.13	55.5	SAM106	1289633.7	237676.65	137.7	66.5	7.681145748	16.7699	1.2825	0.1515	2.5649	1751.9	144297	20.29852992	5e-04	5217.57	32.1317	1	Stiff Stalk
LH82	1.025	0.91	2.75	0.733483345	0.115	3.042680654	1.127073265	0.2465	4.95	55.5	SAM88	1358663.2	350267.34	120.6	64.2	7.028513356	12.1674	2.75	0.07816	5.5	1619.26	167822	20.37375644	0.000166	5345.29	26.2631	1	Non-Stiff Stalk
LH85	0.745	0.635	2.5	0.37184676	0.11	2.17116099	1.172952854	NA	5.53	35	SAM18	2103599.7	422673.9	135	58	6.442049363	7.0347	14.0999	-0.1185	28.1999	3891.15	669144	21.00442877	-0.00077	15610	34.5816	1	Non-Stiff Stalk
LH93	0.8875	0.7325	1.75	0.512256317	0.155	2.551869153	1.213387643	0.292	5.205	82	SAM237	900680.9	216139.65	148.6	68.7	8.865664104	3.1072	-5.0155	0.1201	-10.031	-853.77	-180700	19.78065654	0.000699	-3845.08	-1.8275	1	Unclassified
LP1NRHT	1.103333333	0.99	3.333333333	0.858204573	0.113333333	3.290704183	1.115070519	0.242	6.62	70	SAM268	795792	85241.46	166.6	66.7	8.706319544	-11.1907	-4.3801	-0.03792	-8.7602	-2117.73	-281602	19.60203187	9.28e-06	-7381.77	-27.2874	1	Stiff Stalk
LP5	0.8875	0.82	3.25	0.572810516	0.0675	2.683716062	1.083734668	0.2505	5.46	60.5	SAM12	2228557.8	795993.57	136.1	63.7	7.52329715	36.6777	11.8917	0.1083	23.7833	6980.64	933759	21.08767895	-3e-04	22988	81.6776	1	Stiff Stalk
M14	0.87	0.5875	1.75	0.395605055	0.2825	2.421044289	12.20787396	0.2535	5.635	53	SAM323	690771	48863.47	131.4	68.2	7.355270219	-19.1963	-5.0701	-0.09481	-10.1403	-3055.13	-365456	19.39784799	-0.00012	-10099	-42.2863	1	Unclassified
M162W	1.2925	1.1575	3.25	1.18235803	0.135	3.852164604	1.123827122	0.255	9	91.5	SAM258	830510.6	NA	145.5	86.3	8.414273587	-1.0953	-2.0389	0.01714	-4.0778	-687.36	-111608	19.66363906	9.6e-05	-2762.66	-6.3235	1	Unclassified
M37W	1.38	1.29	3	1.39847997	0.09	4.195365838	1.070556391	0.239	6.92	72	SAM201	1003984.6	200659.4	150.6	76.7	8.342661446	-8.5599	1.5171	-0.08102	3.0342	-958.93	-95881	19.93730571	-0.00031	-2201.55	-12.6891	1	Unclassified
MBNA	0.7375	0.5625	3.75	0.32729505	0.175	2.052074957	1.320377478	0.2335	6.81	59.5	SAM130	1201890.8	417905.27	165	62.7	6.899275324	11.2429	-0.2433	0.0943	-0.4866	1099.55	70521	20.19687439	0.000237	2814.03	19.1294	1	Non-Stiff Stalk
MBST	0.93	0.885	2.5	0.660873285	0.045	2.85157373	1.055221357	0.237	5.885	47	SAM189	1064763.1	301439.32	142	65.3	6.693280212	-2.2956	-0.1538	-0.00714	-0.3075	-458.4	-66843	20.02210105	8.24e-06	-1449.44	-4.8779	1	Non-Stiff Stalk
MDF-13D	0.983333333	0.85	3.333333333	0.663268749	0.133333333	2.883670233	1.158751493	0.1525	6.825	63.5	SAM329	668848.4	96927.89	147.6	70	7.816648898	-27.9438	-3.1774	-0.224	-6.3547	-3532.5	-377669	19.35131972	-0.00071	-10878	-54.1117	1	Non-Stiff Stalk
MEF156-55-2	0.69	0.595	1.25	0.331025691	0.095	2.021532672	1.159528689	0.169	6.025	48.5	SAM84	1365136.8	66921.62	134.5	56.7	6.877499546	28.8802	0.4484	0.2277	0.8968	3050.62	238052	20.3806141	0.000611	8624.19	53.5681	1	Unclassified
ML606	0.8925	0.7775	3.5	0.548129378	0.115	2.627081895	1.155109194	0.239	6.815	61	SAM95	1317930.3	250414.42	142.8	65.2	7.416198487	-8.0146	6.4754	-0.1282	12.9507	142.96	102097	20.32984264	-0.00058	2441.63	-4.4796	1	Unclassified
MO17	0.985	0.775	4	0.608526497	0.21	2.775360903	1.27380269	0.2525	6.58	77	SAM302	734260.5	209797.41	147	65.7	8.408329204	-25.7195	-1.6201	-0.1884	-3.2403	-3224.49	-330732	19.48593247	-0.00053	-9369.25	-47.8005	1	Non-Stiff Stalk
MO18W	1.28	1.16	3.666666667	1.175741051	0.12	3.835266834	1.101343849	0.254	8.74	87.5	SAM13	2203116.4	734964.54	156.4	84.2	8.843076388	13.467	13.1522	-0.06428	26.3043	4604.96	744168	21.07111429	-0.00058	17289	44.6411	1	Unclassified
MO1W	1.015	0.86	3	0.687832077	0.155	2.950445516	1.180516053	0.2475	7.625	63.5	SAM109	1277418.5	655529.26	151.3	71	8.24014563	3.8299	2.5734	-0.01922	5.1468	984.37	134026	20.28479982	-0.00027	3301.22	9.5804	1	Unclassified
MO24W	1.115	1.025	1.75	0.911493839	0.09	3.363110428	1.087946383	0.238	7.415	92.5	SAM208	981513.8	437447.25	181.1	68.3	10.52615789	19.6126	-7.4306	0.2994	-14.8611	399.72	-116160	19.90464903	0.00139	-719.79	26.7012	1	Unclassified
MO44	1.0425	0.8625	2	0.710373004	0.18	3.000909566	1.220871898	0.2785	6.495	80	SAM105	1291790.9	104331.42	162	70.5	8.729261137	6.6795	1.7849	0.01846	3.5698	968.68	80298	20.30094113	-8e-05	3032.51	14.6333	1	Unclassified
MO45	0.9275	0.725	2.75	0.52831771	0.2025	2.606343097	1.282010889	0.2155	7.52	91	SAM227	922118.6	124240	160	69.7	8.938679992	-1.2084	-3.2589	0.06012	-6.5179	-1060.38	-180737	19.81459279	0.000418	-3926.77	-6.6211	1	Unclassified
MO46	0.9275	0.84	2.5	0.649897345	0.0875	2.778799281	1.102694322	0.276	7.345	71.5	SAM247	864562.9	297942.36	156.8	68.2	7.949842766	-16.3558	-0.296	-0.1201	-0.592	-2006.53	-206218	19.7216114	-0.00038	-5837.81	-30.592	1	Non-Stiff Stalk
MO47	0.9	0.775	2.25	0.555571026	0.125	2.635391039	1.156691771	0.3125	6.44	39.5	SAM214	955152.4	141792.04	121.9	63.3	6.519202405	-9.181	-0.5851	-0.07522	-1.1702	-1252.4	-154361	19.86537142	-0.00029	-3922.4	-18.0485	1	Non-Stiff Stalk
MOG	1.1175	1	4	0.878055512	0.1175	3.328819027	1.117574852	0.237	6.295	91.5	SAM296	748717.8	152631.04	189	74.2	10.61131472	-25.8186	-0.3005	-0.2146	-0.601	-3018.77	-302035	19.51406253	-0.00072	-8511.42	-45.7146	1	Unclassified
MP339	0.9525	0.8825	3.25	0.691896512	0.07	2.884846762	1.069960317	0.289	6.28	79.5	SAM363	541793.4	108427.39	146.9	81.2	9.914635646	-27.1055	-8.4115	-0.1342	-16.823	-4188.95	-484499	19.04738329	-6e-05	-13954	-59.9076	1	Unclassified
MQ305	0.85	0.74	3	0.497785356	0.11	2.500584879	1.147426471	0.281	3.86	44	SAM68	1473275.9	666809.72	NA	NA	NA	-2.9853	9.002	-0.1388	18.004	1292.25	274403	20.4905962	-0.00078	6365.45	7.9261	1	Unclassified
MS1334	0.72	0.64	2	0.364110589	0.08	2.13829434	1.12254902	0.276	NA	NA	SAM372	500907.8	38721.83	145.1	58.7	6.774953874	-15.4229	-13.5049	0.09657	-27.0098	-3933.46	-518876	18.93418555	0.001317	-14429	-46.5827	1	Unclassified
MS153	0.985	0.83	3	0.641022346	0.155	2.858107136	1.189627916	0.1545	6.715	71	SAM197	1027015.1	409433.79	133.8	58.7	7.974960815	-12.0438	2.2212	-0.1463	4.4425	-999.76	-76517	19.97002596	-0.00066	-2324.02	-18.5106	1	Unclassified
MS71	0.93	0.85	4	0.620857248	0.08	2.797430127	1.094117647	0.284	8.31	61	SAM360	549491.4	68681.98	132.4	63	7.078135348	-25.7098	-6.2217	-0.1453	-12.4435	-3729.8	-413199	19.06773738	-0.00025	-12189	-55.3091	1	Unclassified
MT42	0.75	0.61	1.5	0.361204615	0.14	2.142399229	1.226023707	0.218	6.31	43	SAM136	1188944	NA	131.7	56	6.942621983	-3.6111	4.3365	-0.06514	8.6729	361.36	92362	20.18124933	-3e-04	2475.07	0.7547	1	Unclassified
N192	0.885	0.7775	3.5	0.554942707	0.1075	2.614544186	1.143309502	0.2845	6.14	48.5	SAM53	1601356.4	460589.18	138.4	62.2	7.924645102	8.4663	9.474	-0.06347	18.948	2673.46	406398	20.610863	-0.00066	10121	27.921	1	Stiff Stalk
N28HT	0.96	0.8325	3.75	0.637664769	0.1275	2.820208924	1.153599848	0.2295	7.6	67.5	SAM75	1413424.3	124813.66	161.8	70	8.590692638	-0.1778	8.9341	-0.1218	17.8683	1395.38	248382	20.43076319	-0.00082	6381.44	12.0812	1	Stiff Stalk
N6	0.945	0.8475	3.5	0.630242756	0.0975	2.818527463	1.117175558	0.261	5.115	63.5	SAM210	975208.1	233916.5	135.1	68	7.880355322	-18.9307	3.5392	-0.206	7.0784	-1625.9	-123278	19.89535058	-0.00085	-3616.29	-28.5082	1	Unclassified
N7AGOODMAN-BUCKLER	0.89	0.755	3	0.527512676	0.135	2.588606593	1.17979993	0.231	6.22	71.5	SAM129	1205809	345367.07	144.9	68	8.24014563	20.3324	-2.1211	0.2298	-4.2421	1556.4	73816	20.20156997	0.000906	3774.47	33.7804	1	Stiff Stalk
NC222	1.0525	0.9975	2.5	0.827652585	0.055	3.221156161	1.055578048	0.264	8.655	64	SAM350	589860.3	128970.75	150	78	8.491171886	-36.876	-2.6843	-0.3145	-5.3687	-4382.02	-444083	19.17001379	-0.00105	-12858	-67.2922	1	Unclassified
NC230	1.025	0.9125	2.5	0.738097559	0.1125	3.046859807	1.125126263	0.167	6.61	49	SAM107	1287614.4	312519.17	127.2	74.7	7.918333158	19.9096	-0.6425	0.1926	-1.2851	1758.96	111093	20.29626919	0.00068	4749.93	35.7861	1	Unclassified
NC232	1.2175	1.17	3.25	1.125868267	0.0475	3.750753641	1.041419433	0.2555	7.49	71.5	SAM234	908981.4	278080.25	138.5	74.7	8.215838363	-14.5585	0.32	-0.1276	0.64	-1717.98	-175761	19.79389125	-0.00045	-4701.82	-25.0388	1	Unclassified
NC236	0.93	0.8075	3	0.604756586	0.1225	2.733058117	1.146601031	0.239	6.17	62	SAM335	643255.6	209857.51	130.8	81.3	8.173126697	-30.6417	-3.5059	-0.2461	-7.0117	-3812.76	-399188	19.29503259	-0.00076	-11619	-58.6669	1	Unclassified
NC238	0.8575	0.8325	1.75	0.572849785	0.025	2.654866029	1.03287895	0.1585	8.46	33	SAM239	890434.9	87718.55	133.6	82	6.587867637	-11.6064	-1.4793	-0.06782	-2.9586	-1753.81	-210826	19.76415061	-0.00018	-5543.97	-24.1366	1	Unclassified
NC250	1.17	1.0575	3.5	0.975621599	0.1125	3.501795952	1.104754228	0.246	6.165	59	SAM274	781174.4	232534.03	123.6	70	7.609204952	-13.2963	-4.0222	-0.0474	-8.0443	-2335.2	-287239	19.57528515	-2.79e-06	-7895.1	-31.3768	1	Stiff Stalk
NC258	1.0575	0.9625	3.5	0.806976978	0.095	3.175262042	1.095574456	0.2115	12.205	70.5	SAM365	532686.8	48387	163.7	77	8.44985207	-12.1135	-12.2607	0.09708	-24.5214	-3498.23	-474525	19.02292801	0.001066	-13079	-40.251	1	Unclassified
NC260	0.9575	0.895	3.5	0.6776219	0.0625	2.911031471	1.070068519	0.2635	7.92	53	SAM152	1143715.4	420230.81	158.8	66.5	7.791020472	-13.2385	5.8465	-0.1726	11.693	-451.44	41013	20.12529667	-0.00075	498.28	-15.0161	1	Non-Stiff Stalk
NC262	1.045	0.9975	2.5	0.822410052	0.0475	3.209017785	1.0464264	0.2255	7.895	32	SAM304	730964.9	238790.54	126.8	67.3	6.519202405	-19.195	-4.4682	-0.1218	-8.9363	-2796.38	-325441	19.47944261	-0.00027	-9166.88	-40.8623	1	Unclassified
NC264	1.02	0.915	2.25	0.736035889	0.105	3.041850701	1.116377571	0.234	6.615	68.5	SAM353	571203.3	199967.49	145.3	71.2	8.485281374	-25.3768	-8.2707	-0.1121	-16.5415	-3985.18	-459771	19.12364479	7.5e-05	-13325	-56.9655	1	Non-Stiff Stalk
NC290A	1.095	1.0325	3.5	0.889973929	0.0625	3.342675272	1.061668697	0.2575	9.365	57	SAM280	772091.1	203675.21	133.5	70	7.489993324	-20.557	-1.9333	-0.1581	-3.8666	-2671.42	-290861	19.55841156	-0.00048	-7985.54	-38.6271	1	Unclassified
NC294	1.1075	0.985	4	0.877760987	0.1225	3.290927001	1.137313531	0.2845	6.24	74.5	SAM35	1780333.9	180773.93	145.1	70.7	8.294576541	21.3278	9.6383	0.02978	19.2766	4265.43	556885	20.76371641	-0.00044	14503	50.7863	1	Unclassified
NC296	0.7825	0.695	4	0.428179444	0.0875	2.323455985	1.125574286	0.259	6.995	83	SAM382	458462.3	70161.06	148.9	73.5	8.414273587	-31.4424	-8.1767	-0.1754	-16.3535	-4490.06	-485881	18.80644358	-0.00026	-14768	-68.3817	1	Unclassified
NC296A	0.7875	0.6675	4.5	0.417439124	0.12	2.290673697	1.175321691	0.22	7.45	54	SAM366	527310.5	98356.42	127.1	82.2	7.362064928	-34.6233	-6.5572	-0.2485	-13.1143	-4599.08	-496676	19.0082932	-0.00065	-14661	-70.3416	1	Unclassified
NC300	0.8	0.7575	2.5	0.481213455	0.0425	2.447059135	1.055101775	0.2175	9	77.5	SAM125	1212490.9	439544.74	167.2	81	8.485281374	-0.4222	2.3376	-0.03727	4.6751	322.08	46152	20.20954249	-0.00023	1404.79	2.2029	1	Unclassified
NC302	0.9125	0.78	4.25	0.571848403	0.1325	2.662775596	1.172417364	0.2865	7.92	50.5	SAM308	722700.4	221838.37	129.9	71.7	8.043631021	-18.9067	-5.0081	-0.114	-10.0162	-2823.38	-332389	19.46303817	-0.00022	-9441.28	-41.5564	1	Unclassified
NC304	0.9875	0.9525	3.25	0.741553311	0.035	3.047679706	1.036936716	0.239	8.32	32	SAM256	840124.1	257588.65	NA	NA	NA	-5.4253	-4.7827	0.04268	-9.5653	-1682.81	-246205	19.68024293	0.000444	-6064.78	-16.605	1	Unclassified
NC306	0.87	0.7225	4	0.505069924	0.1475	2.512519607	1.269989957	0.2645	7.605	72	SAM17	2106921	561308.19	157.6	73	8.318653737	45.9357	7.1748	0.261	14.3496	6806.2	782420	21.00670479	0.000477	21420	94.7985	1	Unclassified
NC310	0.9625	0.8725	3.25	0.671417255	0.09	2.884636053	1.100755602	0.193	6.89	69.5	SAM37	1737940.2	282403.15	154.4	67.7	8.520563362	27.0382	7.5024	0.1167	15.0048	4396.83	521240	20.72894701	-5e-05	14380	58.8849	1	Unclassified
NC314	1.02	0.9	3.75	0.722311056	0.12	3.018884907	1.133421917	0.228	5.555	59	SAM380	462276.6	NA	133.4	68.3	7.286974681	-7.6216	-8.7748	0.08751	-17.5496	-2785.91	-357830	18.81839681	0.000729	-10444	-30.237	1	Unclassified
NC318	0.9525	0.8775	2.5	0.663386559	0.075	2.87635093	1.08772942	0.249	7.05	81.5	SAM339	639240	120440.08	160	79.2	9.471008394	-29.235	-1.6791	-0.2386	-3.3582	-3442.1	-341540	19.28599816	-0.00079	-10105	-54.1257	1	Unclassified
NC320	1.05	0.9725	4.5	0.802657288	0.0775	3.178304066	1.079798387	0.193	7.035	87	SAM356	568242.9	128933.35	162.4	77.2	9.055385138	-21.0024	-9.5146	-0.05749	-19.0292	-3753.78	-462260	19.11614823	0.000278	-13095	-51.2467	1	Unclassified
NC324	1.143333333	1.033333333	4	0.929021308	0.11	3.421785207	1.109535481	0.213	6.9	57	SAM7	2651580.5	1035758.9	146.4	68.7	7.389181281	43.2785	16.3044	0.09343	32.6088	9023.42	1289443	21.33842112	-0.00051	30216	99.7641	1	Unclassified
NC326	1.185	1.035	4.5	0.963605007	0.15	3.49240135	1.150193844	0.241	6.23	68	SAM10	2275597.8	240823.55	167	71.5	8.508818954	40.7001	11.1583	0.1464	22.3166	7233.49	915016	21.11781416	-1e-04	23696	90.1568	1	Unclassified
NC328	0.85	0.7475	3.75	0.501653442	0.1025	2.512472659	1.13715981	0.3065	6.465	74.5	SAM19	2027232.1	966117.75	165	70.2	8.797726979	34.6868	9.075	0.1313	18.1501	6059.49	764481	20.95107984	-0.00013	19607	74.9768	1	Stiff Stalk
NC33	0.9125	0.84	3.25	0.60509038	0.0725	2.754284725	1.086578123	0.2185	8.46	97.5	SAM150	1146485.9	292548.11	217.2	83	10.26645021	0.739	1.658	-0.02303	3.316	264.98	23936	20.12878718	-0.00022	986.77	2.9025	1	Unclassified
NC336	0.79	0.74	5.5	0.463031487	0.05	2.404326581	1.069302591	0.2975	10.13	80	SAM321	692462.5	125058.37	142.3	84.7	8.124038405	-11.619	-7.6865	0.01026	-15.373	-2679.18	-364106	19.40137642	0.000369	-9806.5	-33.2029	1	Unclassified
NC338	0.915	0.82	4.25	0.597903987	0.095	2.728590965	1.112971268	0.2345	6.335	104.5	SAM267	802695.9	388120.52	159.9	80.3	9.418067742	-16.6016	-3.7876	-0.1037	-7.5752	-2362.37	-265128	19.614494	-2e-04	-7704.65	-35.4872	1	Unclassified
NC340	0.91	0.873333333	4	0.623972661	0.036666667	2.801869023	1.042459479	0.2275	8.125	72.5	SAM171	1098834.1	158702.97	165.5	79.7	8.396427812	9.3113	-0.5168	0.07289	-1.0336	778.13	28994	20.06754216	0.000185	1824.69	15.7819	1	Unclassified
NC342	1.0075	0.95	3.25	0.764447667	0.0575	3.075638927	1.062373753	0.205	8.25	86	SAM348	596446	75741.7	165.9	70	9.099450533	-23.9884	-7.4492	-0.1253	-14.8984	-3725.02	-438546	19.186032	-0.00013	-12579	-53.9636	1	Unclassified
NC344	1.01	0.925	2	0.745794461	0.085	3.041138937	1.094237386	0.2195	8.785	72.5	SAM287	759998	177743.16	155.1	75.3	8.124038405	-10.2627	-5.8765	-0.00702	-11.7531	-2202.99	-301029	19.5356361	0.00024	-7918.6	-27.2495	1	Unclassified
NC346	0.7075	0.67	4.5	0.379955996	0.0375	2.164404516	1.057339588	0.337	6.67	67	SAM375	495499.6	78230.13	156.7	79.7	9.121403401	-25.7547	-7.1733	-0.1203	-14.3466	-3903.73	-429171	18.91852437	-0.00014	-13095	-59.1011	1	Unclassified
NC348	0.87	0.82	3	0.572535626	0.05	2.65562724	1.068387902	0.23	7.6	78	SAM352	574449	120060.93	155.6	78.7	8.396427812	-23.1503	-8.6462	-0.09105	-17.2924	-3828.48	-457041	19.13181929	0.000119	-13094	-53.9975	1	Unclassified
NC352	0.9325	0.8525	6.5	0.626669195	0.08	2.805440323	1.092957423	0.251	8.71	64.5	SAM362	543610.1	63207.07	162	80	9.093954036	-24.6899	-4.803	-0.1394	-9.6059	-3478.06	-370899	19.05221274	-3e-04	-11189	-52.6718	1	Unclassified
NC354	0.8225	0.7	4	0.455059696	0.1225	2.396336212	1.176462755	0.234	5.905	69.5	SAM284	764414.8	44800.55	143.8	82.2	8.402380615	-15.7784	-3.5566	-0.08016	-7.1131	-2509.79	-302235	19.54399619	-0.00017	-8338.81	-35.3737	1	Unclassified
NC356	0.9275	0.8225	2.25	0.600868865	0.105	2.751775335	1.125965244	0.254	7.715	79.5	SAM231	912610.3	270074.31	150.2	73	9.444575162	3.0441	-5.2898	0.1145	-10.5795	-770.64	-172710	19.79963941	0.00066	-3715.63	-2.5569	1	Unclassified
NC358	0.965	0.84	3.5	0.639235565	0.125	2.838747857	1.14918589	0.3	6.97	73.5	SAM328	674235.9	128860.89	149.6	70.7	8.414273587	-20.3498	-4.613	-0.1027	-9.2261	-3128.03	-361505	19.36289392	-0.00011	-10059	-43.0821	1	Unclassified
NC360	1.2175	1.1375	3.5	1.102051068	0.08	3.700353629	1.070741156	0.272	9.405	55.5	SAM246	865752.9	271755.32	104.5	79	8.438009244	-7.6956	-3.0599	0.01898	-6.1198	-1667.32	-212109	19.72359579	0.00045	-5319.93	-17.4249	1	Unclassified
NC362	0.965	0.92	4.25	0.698592031	0.045	2.961460141	1.049182773	0.2645	6.155	70	SAM223	932188.4	334843.97	164.5	71.2	8.124038405	-15.3181	0.9302	-0.1417	1.8605	-1671.89	-156249	19.83026203	-0.00051	-4394.51	-25.7579	1	Unclassified
NC364	0.755	0.67	1	0.409820762	0.085	2.240489656	1.121565934	0.2225	6.83	45.5	SAM182	1082201.6	145026.98	143.5	66.5	7.476630257	-16.301	6.0691	-0.1929	12.1381	-859.17	-3605.77	20.04553785	-0.00081	-531.86	-19.9262	1	Unclassified
NC366	0.995	0.9075	3	0.709410891	0.0875	2.9909077	1.099187908	0.2285	7.18	74	SAM311	719062.1	101941.42	169.3	83.5	9.449867724	-16.1564	-5.4071	-0.07885	-10.8142	-2685.04	-335449	19.45575685	-9e-05	-9205.37	-37.2932	1	Unclassified
NC368	1.085	1.0075	5.5	0.862210104	0.0775	3.28834955	1.076233848	0.246	8.105	68	SAM39	1727778.6	NA	142.7	74.2	7.791020472	19.2291	3.9471	0.05706	7.8943	3327.04	366770	20.72048693	-1e-05	10576	43.6528	1	Unclassified
ND246	0.835	0.7	1	0.459379386	0.135	2.416030047	1.192870948	0.265	6.78	47.5	SAM1	4036794.5	NA	133.9	55	6.767569726	51.0482	14.1894	0.09123	28.3788	11780	1680737	21.94477872	-0.00018	38835	123.61	1	Unclassified
NQ508	0.93	0.7675	4.5	0.563778437	0.1625	2.674501179	1.222644365	NA	6.51	85	SAM209	979098.3	293901.57	156.5	68	9.423375192	0.05796	-2.52	0.03204	-5.0401	-558.63	-116806	19.90109419	0.000159	-2412.82	-3.7712	1	Unclassified
NS501	0.765	0.7075	2	0.42776711	0.0575	2.316254024	1.099797571	0.277	5.395	55.5	SAM252	845169.7	231850.68	129.4	62.7	7.56306816	-2.0638	-5.5245	0.08152	-11.0489	-1399.2	-229415	19.68888152	0.000616	-5459.1	-11.6701	1	Stiff Stalk
NS701	0.93	0.665	4	0.478307482	0.265	2.532896106	1.456168831	0.227	6.14	68	SAM16	2110086.5	527826.57	159.3	67.7	8.972179222	68.7409	2.5248	0.456	5.0497	8290.41	762506	21.00887071	0.001153	24716	136.74	1	Stiff Stalk
OH40B	0.9375	0.8	2.25	0.602243312	0.1375	2.734127387	1.169582104	0.2295	6.785	46.5	SAM297	742470.9	164110.43	149.2	64.5	7	-24.0063	-2.1089	-0.178	-4.2178	-3062.19	-324176	19.50197496	-0.00053	-9246.49	-46.3085	1	Non-Stiff Stalk
OH43	1.063333333	0.95	3.666666667	0.79542508	0.113333333	3.165380956	1.118668389	0.255	7.045	48	SAM262	816930.4	300757.45	144.3	65.5	7.483314774	-9.5546	-2.8704	-0.046	-5.7408	-1585.23	-196020	19.63985364	-1e-04	-5508.05	-22.9969	1	Non-Stiff Stalk
OH43E	0.795	0.7575	2.75	0.475106984	0.0375	2.439252111	1.053160658	0.2755	6.52	41.5	SAM146	1161162.6	199394.69	125.5	65.2	6.737952211	-1.5051	2.7472	-0.05305	5.4944	175.19	27281	20.14713858	-0.00034	1061.83	0.7737	1	Non-Stiff Stalk
OH603	0.845	0.775	3.75	0.529672521	0.07	2.546461933	1.094234314	0.2015	7.075	67	SAM47	1641366	437767.68	161.2	71.2	9.088454214	25.545	6.0941	0.1548	12.1882	3759.86	440039	20.64646554	0.000278	12439	54.9964	1	Unclassified
OH7B	1.045	0.98	2.25	0.805268737	0.065	3.18185101	1.067820462	0.2045	7.22	75	SAM94	1324992.1	357249.82	172	75.5	9.348796714	-4.3276	5.0491	-0.1018	10.0981	438.59	104380	20.33755233	-0.00053	2574.09	-0.7794	1	Unclassified
OQ403	0.8975	0.725	2.25	0.516949071	0.1725	2.55584512	1.237900641	0.232	5.37	45	SAM147	1156968.3	434440.81	NA	NA	NA	-2.9282	3.0427	-0.08393	6.0854	147.2	32750	20.14191791	-0.00053	1152.07	-0.4775	1	Unclassified
OS420	0.915	0.7875	2	0.577738889	0.1275	2.678069501	1.163657553	0.205	5.23	54.5	SAM126	1212102.7	201498.57	142.6	65	7.293833012	13.1027	0.1557	0.1088	0.3115	1274.66	79108	20.20908051	0.000263	3408.12	23.2294	1	Stiff Stalk
P39GOODMAN-BUCKLER	0.635	0.615	1.5	0.306894332	0.02	1.963621153	1.032539683	0.195	5.83	32.5	SAM6	2690244.6	1572974.37	121.1	59	6.08276253	25.609	17.9304	-0.05916	35.8609	7531.21	1231021	21.35930592	-0.00086	27026	72.3409	1	Sweet Corn
PA762	0.9575	0.795	3	0.617676386	0.1625	2.759039531	1.202643033	0.2755	5.99	52.5	SAM217	947510.2	95973.18	139.7	69	8.111719916	-1.3305	-1.2766	0.002185	-2.5533	-520.27	-95402	19.85378195	-3.46e-06	-2044.9	-4.9903	1	Non-Stiff Stalk
PA875	0.9825	0.9275	2	0.746462049	0.055	3.000970171	1.059169667	0.216	5.905	73	SAM230	916941.1	106807.85	165.3	70	9.066421565	-11.2318	-0.1964	-0.09487	-0.3928	-1464.5	-169069	19.80646954	-0.00035	-4258.14	-20.3389	1	Stiff Stalk
PA880	0.8925	0.8	4.5	0.572378547	0.0925	2.660599749	1.115898378	0.2315	8.335	66.5	SAM235	908570.6	300898.29	169	72.2	8.497058314	-3.2937	-1.5555	-0.00104	-3.1109	-776.99	-109014	19.7932391	5.6e-05	-2777.28	-9.1988	1	Unclassified
PA91	1.01	0.915	3	0.734092028	0.095	3.025724686	1.106487049	0.266	8.08	64.5	SAM191	1056876	409814.89	170.3	71.7	8.774964387	20.9611	-5.5714	0.3442	-11.1429	741.62	-51409	20.01137469	0.001817	853.82	31.8	1	Unclassified
PB80	0.9925	0.895	4.25	0.715321012	0.0975	2.966863378	1.108584663	0.2415	5.825	79	SAM15	2119542.4	300082.04	157.5	68	8.544003745	26.4678	12.3658	0.02428	24.7316	5748.75	790414	21.0153214	-0.00049	19747	65.2227	1	Stiff Stalk
PHG35	1.115	0.94	3	0.824825151	0.175	3.234061398	1.188636364	0.24	5.32	63.5	SAM14	2151031.8	972298.39	139.2	68.7	8.420213774	35.2179	7.1967	0.1556	14.3935	5877.78	726923	21.03659742	0.000199	18946	76.5138	1	Non-Stiff Stalk
PHG39	0.965	0.8775	4	0.665703483	0.0875	2.895840012	1.099835706	0.237	8.45	86	SAM260	823965.2	301387.42	159.9	72.7	8.814760348	-20.0594	-0.924	-0.1808	-1.848	-2365.69	-247244	19.65222388	-0.00066	-6951.99	-36.4961	1	Unclassified
PHG47	0.805	0.725	3.25	0.459340116	0.08	2.405001306	1.110171888	0.239	6.12	40	SAM115	1249093.4	539728.52	122	62.2	6.473020933	21.8778	-0.7128	0.2721	-1.4255	1709.35	110210	20.25244993	0.001251	5053.52	41.1701	1	Non-Stiff Stalk
PHG50	1.125	1	3.5	0.883808553	0.125	3.341178503	1.12580836	0.2675	6.18	66.5	SAM132	1197649.9	162253.41	139.7	65.7	8.179242019	2.4416	2.7611	-0.02477	5.5222	615.43	66955	20.19177481	-0.00029	2219.51	7.3383	1	Non-Stiff Stalk
PHG71	0.8075	0.71	2.75	0.464994983	0.0975	2.386650574	1.148857648	0.286	6.005	64.5	SAM212	960920.9	284197.63	142.7	64	8.252272414	14.8316	-6.5572	0.2906	-13.1145	-21.9002	-132090	19.87405815	0.001599	-1674.55	18.3342	1	Stiff Stalk
PHG72	0.88	0.785	2.75	0.544752166	0.095	2.618023293	1.122946988	0.2395	5.445	71.5	SAM163	1114721.3	328649.46	147	62	8.5732141	2.7119	0.2746	0.0114	0.5492	211.11	-9800.28	20.08825163	-5e-05	477.84	5.0755	1	Non-Stiff Stalk
PHG83	0.825	0.69	4	0.462913678	0.135	2.384489946	1.195775261	0.265	6.76	52	SAM55	1582982.8	431360.45	136.1	66.5	8.167006796	27.5095	3.9816	0.1829	7.9632	3702.29	390949	20.59421415	0.000385	11490	55.0759	1	Non-Stiff Stalk
PHG84	0.8275	0.735	3	0.495193542	0.0925	2.456930689	1.135695227	0.267	7.065	60	SAM144	1162262.5	376362.36	163.9	71.5	8.00624756	-13.3981	5.7689	-0.1701	11.5377	-683.14	11006	20.14850451	-0.00073	-53.2542	-15.0668	1	Non-Stiff Stalk
PHG86	1.005	0.8975	2.75	0.725433014	0.1075	2.991040373	1.122646857	0.2715	4.68	68	SAM59	1542939.5	732465.53	162.6	69.5	8.111719916	24.7854	3.0897	0.1442	6.1795	3436.57	357280	20.55725006	0.00017	10432	48.9884	1	Stiff Stalk
PHH93	0.785	0.7075	2.75	0.446263236	0.0775	2.346100336	1.105590041	0.2705	5.455	53.5	SAM188	1069037	484910.64	130	64.2	7.218032973	10.3523	-3.7406	0.1898	-7.4811	239.95	-41184	20.02788036	0.00107	-200.15	13.5682	1	Non-Stiff Stalk
PHJ40	0.73	0.6625	2.25	0.386376626	0.0675	2.189179795	1.114591496	0.2535	7.04	49	SAM76	1409252.8	244418.47	129.4	57.5	7.784600182	3.4632	7.9484	-0.0816	15.8968	1620.52	244874	20.426499	-0.00067	6810.89	17.9763	1	Unclassified
PHK76	0.9625	0.875	4	0.664250497	0.0875	2.888047984	1.100554473	0.2675	6.7	71	SAM215	951513.7	370756.8	139	61.2	7.402702209	-10.5247	-0.5954	-0.08758	-1.1908	-1296.49	-140000	19.8598649	-0.00028	-3883.96	-19.9495	1	Non-Stiff Stalk
PHN11	0.9	0.8075	2	0.579074066	0.0925	2.684262458	1.116895858	0.303	5.68	58	SAM103	1295256.4	172036.65	129.1	62	7.456540753	6.3711	3.8842	0.01435	7.7684	1133.73	132264	20.30480628	-9e-05	4277.36	17.4544	1	Non-Stiff Stalk
PHR36	1.01	0.96	2	0.762503807	0.05	3.095176201	1.053638102	0.2385	5.955	70	SAM34	1785375.7	252855.61	160.1	64.7	8.671793355	31.2815	7.2911	0.1576	14.5823	4841.01	561124	20.76779626	0.000106	15595	66.3492	1	Non-Stiff Stalk
PHT77	0.93	0.785	3.75	0.576796411	0.145	2.698832823	1.185300421	0.2625	6.99	59	SAM58	1543770.3	337060.52	139.1	63.2	7.496665926	16.0627	6.3055	0.04173	12.6109	2901.07	357979	20.55802668	-0.00022	9733.53	36.7838	1	Non-Stiff Stalk
PHV63	0.9875	0.9325	3.5	0.729988323	0.055	3.01669585	1.057882445	0.292	6.79	64.5	SAM204	988201.5	266231.78	131	70.7	7.483314774	-25.1148	6.3757	-0.2997	12.7515	-1917.8	-109152	19.91444572	-0.00127	-3346.86	-33.9138	1	Non-Stiff Stalk
PHW17	1.2275	1.055	1.75	1.019996595	0.1725	3.590627895	1.165543684	0.2415	5.775	81	SAM179	1085312.4	327190.32	162.1	62.3	8.94427191	-2.2314	1.284	-0.04573	2.568	-23.4734	-1349.3	20.04967894	-0.00026	54.7961	-3.0576	1	Stiff Stalk
PHW43	0.98	0.91	2.75	0.706230029	0.07	2.969961164	1.076300658	0.2815	7.135	65.5	SAM64	1520740.9	637531.03	141.6	62	6.978538529	15.0675	3.265	0.06111	6.5299	2404.57	269741	20.53634294	2.6e-05	7595.21	32.1349	1	Non-Stiff Stalk
PHW65	0.945	0.81	2.5	0.610666707	0.135	2.761302146	1.165571851	0.251	8.045	58.5	SAM131	1199511.6	NA	142.4	69.7	7.745966692	5.3592	1.0207	0.01543	2.0414	788.01	66155	20.19401568	-3e-05	2359.49	11.4996	1	Non-Stiff Stalk
PHWG5	1.15	1.02	2.25	0.921802189	0.13	3.411743943	1.1278472	0.273	7.01	77.5	SAM261	817972	267426.51	NA	NA	NA	-12.1749	-3.2712	-0.05257	-6.5423	-2039.55	-252284	19.64169193	6.73e-06	-6612.39	-25.8471	1	Unclassified
PHZ51	0.913333333	0.776666667	4	0.561481147	0.136666667	2.659546835	1.173437814	0.2475	7.425	65	SAM116	1248718.4	264952.78	171.6	66.2	8.191458967	36.6776	-4.257	0.4487	-8.514	2592.08	109895	20.25201674	0.001927	6381.44	62.442	1	Non-Stiff Stalk
Q381	0.8025	0.6925	3	0.445124409	0.11	2.351663763	1.163959307	0.2475	5.51	47	SAM114	1251769.4	182458.84	128.7	61.5	7.602631123	12.7361	1.8927	0.1126	3.7853	1345.7	112460	20.25553738	0.000354	4341.53	26.202	1	Stiff Stalk
R109B	0.855	0.7275	1.5	0.488439118	0.1275	2.492996296	1.188877007	0.228	6.155	52.5	SAM101	1299140.7	119248.41	130.1	63	7.162401832	13.2971	3.8123	0.06813	7.6247	1849.38	185357	20.30912626	3.9e-05	6369.77	30.9416	1	Unclassified
R168	0.9425	0.825	2.75	0.622938553	0.1175	2.780639549	1.142421287	0.2275	5.7	84.5	SAM354	571072.2	236917.47	139.9	62.7	8.324662155	-30.3275	-6.7919	-0.2039	-13.5839	-4173.21	-459881	19.12331363	-0.00047	-13514	-63.1357	1	Unclassified
R177	1.0925	0.9375	3	0.807114423	0.155	3.193723035	1.16865507	0.259	9.715	45	SAM200	1008475.8	200775.23	159.4	63.7	7.056911506	-17.8126	3.5838	-0.1987	7.1676	-1489.82	-111785	19.94374503	-0.00083	-3253.76	-26.5981	1	Unclassified
R229	1.11	0.975	3.75	0.854415027	0.135	3.278983802	1.138803962	0.2435	5.525	94	SAM30	1847927.8	703279.41	156.2	70.2	9.121403401	38.1183	6.0471	0.2793	12.0942	5295.8	613719	20.81747696	0.000843	16848	78.2656	1	Unclassified
R4	0.89	0.736666667	1.666666667	0.522891917	0.153333333	2.564419594	1.221377136	0.2535	4.525	60	SAM272	784337.9	78468.2	165.6	70	8.390470785	-20.1751	0.07469	-0.179	0.1494	-2275.8	-225687	19.58111579	-0.00065	-6464.58	-36.0148	1	Unclassified
RS710	0.595	0.56	2.25	0.264286482	0.035	1.814787163	1.063357938	0.25	5.44	38.5	SAM281	767900	135277.3	112.6	56.5	5.856620186	-17.3823	-2.5271	-0.1138	-5.0542	-2489.78	-288803	19.55055892	-0.00031	-7778.65	-34.6846	1	Unclassified
S8324	0.8925	0.795	2.25	0.56232545	0.0975	2.65381345	1.127662577	0.247	7.535	36.5	SAM11	2250207	978411.89	129	60.2	6.33245608	44.6668	10.6007	0.2779	21.2015	7204.55	951962	21.10162629	0.000727	23811	96.6255	1	Unclassified
S8326	1.2575	0.9825	3.25	1.006703731	0.275	3.538035157	1.261178046	0.2555	4.44	91.5	SAM178	1087662	187033.11	158	64.3	8.780660567	-6.8312	2.7142	-0.1059	5.4284	-405.25	-25524	20.05279887	-0.00055	-638.33	-9.134	1	Unclassified
SA24	0.9475	0.8825	1.75	0.66727428	0.065	2.875630554	1.071672107	0.27	7.215	69.5	SAM344	627764	133129.82	156	72.5	9.148770409	-7.4242	-8.1377	0.06278	-16.2755	-2399.23	-333232	19.25986277	0.00058	-9122.31	-27.0198	1	Popcorn
SC213R	1.205	1.1425	2.75	1.084163625	0.0625	3.688169541	1.054731638	0.244	9.535	82.5	SAM289	759611.4	297004.58	165.8	86.7	9.803060747	-6.5809	-5.1702	0.02017	-10.3405	-1731.87	-237597	19.53490203	0.000275	-6488.08	-21.0325	1	Unclassified
SC357	0.9025	0.7825	2.75	0.559812176	0.12	2.650257346	1.153949602	0.224	6.855	64.5	SAM320	696584.8	228559.83	148.1	74.3	7.893034904	-22.1286	-4.6326	-0.1309	-9.2652	-3171.65	-354348	19.40993947	-0.00018	-10079	-45.8445	1	Unclassified
SC55	0.98	0.7625	3.5	0.581371356	0.2175	2.754912726	1.309589568	0.2545	9.87	99	SAM151	1145120.2	332411.12	172.9	84	10.40672859	5.7577	0.6904	0.04227	1.3809	592.44	42032	20.12706761	0.00011	1809.61	11.5598	1	Unclassified
SD40	0.8525	0.79	1.5	0.528828218	0.0625	2.581309552	1.080411002	0.454	7.195	65	SAM51	1620602.6	315085.18	138.8	65.2	7.700649323	22.1848	5.2643	0.08785	10.5286	3525.29	392036	20.62809893	-6e-05	11209	47.3138	1	Unclassified
SD44	1.065	0.895	1.75	0.749152038	0.17	3.085795636	1.19207895	0.19	6.5	52	SAM143	1166728.6	251381.45	156.2	61.2	7.362064928	4.8531	1.0222	0.02005	2.0443	564.74	31725	20.15403758	-5e-05	1657.93	9.8677	1	Unclassified
SEAGULLSEVENTEEN	0.9425	0.7775	4.5	0.58146953	0.165	2.708507209	1.212342108	0.254	7.095	61	SAM226	922795.3	183121.02	NA	NA	NA	-13.9251	-0.00997	-0.1178	-0.01995	-1680.67	-180197	19.81565113	-0.00042	-4850.35	-25.3888	1	Unclassified
SG1533	0.6625	0.64	2.75	0.335463191	0.0225	2.046146776	1.03523248	0.215	7.25	87.5	SAM100	1301002	573768.26	141.8	72.7	9.364827815	8.8854	2.057	0.06161	4.1139	1304.49	153855	20.31119175	0.000194	4204.3	18.3407	1	Popcorn
SG18	0.72	0.6425	2.75	0.364601462	0.0775	2.143393071	1.119856347	0.232	6.95	83.5	SAM127	1211952.7	489268.71	170.2	68	9.757048734	6.6796	-0.4407	0.05337	-0.8814	570.99	22387	20.20890196	0.000146	1293.22	10.9346	1	Popcorn
T232	0.973333333	0.92	2.666666667	0.713508052	0.053333333	2.974707253	1.055585221	0.2325	7.68	80.5	SAM124	1213891.6	319690.59	166.2	75	9.044335244	-15.2907	7.7903	-0.1855	15.5806	-592.51	47168	20.21120816	-0.00075	1071.88	-14.1829	1	Unclassified
T234	0.975	0.85	2.25	0.663052764	0.125	2.870832711	1.152882266	0.2135	8.03	70.5	SAM312	717398.8	37267.4	166	76.2	8.252272414	-10.0356	-6.6672	0.009052	-13.3345	-2376.17	-329126	19.45241581	0.000303	-8706.33	-28.8148	1	Unclassified
T8	1.0775	0.98	3.25	0.831402861	0.0975	3.233902112	1.100939383	0.258	8.71	86.5	SAM207	982084.4	211802.32	166	72.5	10.19313494	-12.6464	1.611	-0.1429	3.222	-1218.06	-114295	19.90548749	-0.00063	-3185.46	-20.8151	1	Unclassified
TX303	0.8725	0.7775	2	0.541021525	0.095	2.594292841	1.123795409	0.2315	7.045	88	SAM279	775381.9	128567.01	179	78.7	10.4019229	-5.5571	-6.6802	0.05027	-13.3604	-1947.68	-297899	19.56454753	0.000442	-7483.09	-20.4527	1	Unclassified
TX601	1.2525	1.1925	5	1.1844197	0.06	3.841333718	1.05190497	0.244	10.515	118.5	SAM293	751297.9	252890.56	194	83.3	11.44115379	-17.7472	-3.2906	-0.08197	-6.5812	-2685.77	-299975	19.51902554	-2.71e-07	-8331.66	-36.3098	1	Unclassified
TZI10	1.2225	1.12	3.5	1.088444045	0.1025	3.681687353	1.094651099	0.234	9.365	106	SAM32	1803440	66158.78	158.6	86.7	10.70513895	16.9733	7.1801	0.02005	14.3602	3535.93	454262	20.78232	-0.00024	11995	41.6713	1	Tropical
TZI11	0.846666667	0.816666667	4.666666667	0.54315519	0.03	2.613253156	1.036585366	0.236	6.415	95	SAM111	1265796	70832.74	167	80.5	9.518403227	6.4349	2.52	0.01523	5.04	994.55	93672	20.27161348	-0.00012	3335.96	14.997	1	Tropical
TZI16	1.1525	1.005	3	0.942261812	0.1475	3.393220063	1.153163784	0.213	11.445	80.5	SAM306	729121.2	NA	188.1	78.5	10.97269338	26.3001	-9.2217	0.3771	-18.4435	-52.0392	-201525	19.47579912	0.00181	-2460.56	39.4711	1	Tropical
TZI18	1.275	1.1325	5	1.139907259	0.1425	3.78731478	1.126669533	0.275	8.025	105	SAM190	1064183.9	137852.43	155.5	82.5	10.29563014	-24.6694	9.0281	-0.3211	18.0561	-1543.27	-45265	20.02131605	-0.00142	-1452.51	-28.8188	1	Tropical
TZI25	0.955	0.81	3.75	0.607741099	0.145	2.777497425	1.181127789	0.218	7.045	95	SAM168	1101394.4	NA	169.5	76.7	9.736529156	0.7361	0.8116	-0.00913	1.6231	186.28	10321	20.07089975	-8e-05	599.46	2.2113	1	Tropical
TZI8	0.935	0.845	5	0.631342314	0.09	2.798128963	1.101134752	0.24	8	102	SAM42	1695440.7	648122.82	176	80.3	10.75639345	18.9638	8.0387	0.03277	16.0774	3805.79	501782	20.69322889	-0.00028	12973	45.5528	1	Tropical
TZI9	1.26	1.0725	4.25	1.063389843	0.1875	3.670885175	1.178911323	0.2565	9.685	93.5	SAM305	729835.2	31176.63	181.4	76	9.894442885	-6.0618	-6.8783	0.05917	-13.7566	-2202.08	-324478	19.47721121	0.000494	-8277.63	-22.0924	1	Tropical
U267Y	0.773333333	0.656666667	2.333333333	0.412464935	0.116666667	2.25075168	1.163786696	0.2565	8.11	47.5	SAM310	719296.4	388646.84	139.5	70.5	7.71362431	-12.8936	-6.4127	0.008408	-12.8254	-2706.47	-334962	19.45622686	0.000425	-9437.62	-34.2294	1	Unclassified
VA102	0.97	0.94	3	0.716126045	0.03	3.000406037	1.031914894	NA	8.57	51	SAM324	681330.4	325800.73	149.4	66.5	6.760177512	-23.611	-5.3576	-0.1468	-10.7152	-3335.89	-372994	19.37799505	-0.00033	-10938	-50.6344	1	Unclassified
VA14	0.895	0.835	2.75	0.589519861	0.06	2.718903977	1.070556953	0.2215	8.255	50	SAM273	783689.7	168034.7	140.7	72.3	7.007139217	-5.2939	-6.1081	0.04524	-12.2163	-1808.36	-274112	19.57992301	0.000412	-6925.78	-19.1743	1	Unclassified
VA17	0.9	0.825	2.5	0.587242207	0.075	2.710959221	1.09241894	0.273	7.695	44	SAM245	869337.9	277586.16	128.9	73	7.078135348	-7.4861	-3.6702	-0.01105	-7.3404	-1540.42	-209094	19.72955752	0.000137	-5472.31	-19.4101	1	Unclassified
VA22	1.0225	0.99	2.75	0.807153693	0.0325	3.161437897	1.032268859	0.2295	7.395	72.5	SAM149	1149987.2	362743.02	144.7	69.5	8.252272414	0.7452	2.3764	-0.03428	4.7528	506.39	66098	20.13318637	-0.00025	1890.07	4.0863	1	Non-Stiff Stalk
VA26	0.796666667	0.773333333	2.333333333	0.51331006	0.023333333	2.466309229	1.029057368	0.227	7.115	43	SAM177	1088909.8	16654.35	177.6	67	8.173126697	-3.0438	0.3919	-0.0319	0.7838	-416.79	-64023	20.05445302	-0.00016	-1323.22	-5.8255	1	Non-Stiff Stalk
VA35	0.9775	0.9125	2.25	0.723921122	0.065	2.969928942	1.071598545	0.2345	7.55	60.5	SAM166	1113221.5	281205.29	133.8	69.2	7.956129712	-4.042	2.4308	-0.05693	4.8617	-237.43	-10998	20.08630925	-0.00028	9.5499	-3.68	1	Non-Stiff Stalk
VA59	0.9025	0.7625	2.5	0.543672244	0.14	2.620025177	1.183630337	0.2235	7.445	53	SAM180	1083961.3	137376.61	137.3	64.7	7.078135348	-18.7759	7.1267	-0.2562	14.2534	-1103.51	-28636	20.04788182	-0.00118	-1040.17	-22.4216	1	Non-Stiff Stalk
VA85	1.0025	0.97	1.75	0.781903142	0.0325	3.098628476	1.033709048	0.2345	7.36	80.5	SAM74	1413659.9	191029.82	158.4	67	8.871302046	-8.9175	10.3402	-0.1927	20.6805	659.21	211734	20.43100365	-0.00097	5072.88	-0.3451	1	Unclassified
VA99	1.205	1.0525	2	1.001834262	0.1525	3.55029955	1.146051561	0.223	7.335	69.5	SAM186	1076556.6	419861.04	148.7	68	7.823042886	16.0627	-4.5151	0.232	-9.0303	686.05	-34862	20.03799274	0.001075	707.98	22.7027	1	Non-Stiff Stalk
VAW6	0.7925	0.7	2.5	0.435817441	0.0925	2.348106718	1.141615017	0.247	6.39	46.5	SAM241	887571.4	34717.33	125.1	68.2	7.328028384	-1.9341	-3.9479	0.04649	-7.8959	-1248.52	-210064	19.75950366	0.000294	-4787.67	-9.6814	1	Unclassified
W117HT	0.663333333	0.593333333	1.666666667	0.310860593	0.07	1.975970236	1.114556992	0.221	5.15	29	SAM41	1716065	751408.77	102.9	58	5.848076607	21.9946	7.4636	0.09053	14.9272	3930.11	518250	20.71067277	5e-05	13361	50.7418	1	Unclassified
W153R	0.615	0.5575	0.5	0.276028185	0.0575	1.843841744	1.122702884	0.188	4.35	43.5	SAM54	1598830.2	589680.1	105.7	63	6.68580586	24.3401	4.6388	0.1195	9.2776	3664.4	404274	20.6085853	2.7e-05	11430	49.8219	1	Unclassified
W182B	0.985	0.875	1.75	0.681254367	0.11	2.925300558	1.136417481	0.2675	5.915	29.5	SAM46	1661718.2	425827.24	134	56.7	5.761944116	2.2838	10.9153	-0.1294	21.8305	2350.9	409795	20.66424431	-0.00085	9751.72	19.4677	1	Unclassified
W22	1.0575	0.96	2.5	0.803580131	0.0975	3.171360707	1.103169356	0.224	6.485	47	SAM66	1490384.4	1184912.35	127.6	67.5	7.348469228	0.9661	4.8489	-0.05177	9.6978	1306.11	272994	20.50725305	-0.00029	5307.09	8.2953	1	Non-Stiff Stalk
W64A	0.785	0.7075	3.25	0.451329055	0.0775	2.347003751	1.101844245	0.2805	6.715	52.5	SAM137	1186039.4	295474.24	124.6	61	7.085195834	3.4633	2.0335	-0.00061	4.067	590.94	57193	20.17772051	-0.00015	2038.1	8.5127	1	Stiff Stalk
WF9	0.9025	0.805	1.75	0.569551113	0.0975	2.686871054	1.12916501	0.236	5.79	75	SAM277	778307	129205.6	159.9	67	8.820430828	-4.1308	-5.0717	0.04791	-10.1435	-1527.01	-230502	19.56997981	0.000414	-5778.64	-15.1792	1	Stiff Stalk
WIL500	0.9975	0.7875	3.5	0.61991477	0.21	2.814028353	1.271682099	0.2705	10.05	41	SAM298	739706.7	372030.27	115	68.7	6.978538529	-10.4004	-6.7694	0.001493	-13.5387	-2301.7	-309230	19.49659382	0.000286	-8414.05	-29.0885	1	Non-Stiff Stalk
YU796_NS	0.79	0.735	3.5	0.460184419	0.055	2.396358357	1.077062991	0.2515	7.355	49.5	SAM313	714778.8	136167.29	129	65	7.071067812	-12.463	-6.6041	-0.01596	-13.2081	-2546	-339050	19.44713732	0.000254	-9050.63	-32.1245	1	Unclassified
ZS01250	0.77	0.67	2	0.407228948	0.1	2.26469149	1.150161031	0.25	5.89	45	SAM314	714556.7	196755.55	112.4	58.2	6.648308055	-22.5477	-3.5528	-0.1627	-7.1055	-3047.75	-339237	19.44668897	-0.00044	-9598.43	-45.1506	1	Unclassified
